-0.433047 1.730985
-0.236118 1.149364
2.640122 -0.019453
2.014042 1.427263
1.169458 1.806210
-0.385722 0.395164
1.737144 0.524959
1.500246 0.373544
0.719614 0.547896
2.481438 0.404163
-0.335431 2.478715
0.990933 1.853931
-0.168462 1.418119
0.968887 0.707011
-0.462484 -0.289470
0.778542 0.569170
1.042629 0.107529
0.562972 -0.444866
0.961697 0.345347
0.136008 0.357573
2.318454 0.516516
2.591225 0.202147
1.614091 1.224121
1.178042 1.362296
-0.031868 2.107582
2.314601 0.061273
0.997736 1.441298
0.497276 -0.150635
0.533665 -0.461222
1.681249 0.724810
2.550356 -1.111748
2.359460 0.760570
2.370090 1.389748
1.509681 -0.410453
2.522599 1.951895
0.947921 2.091099
1.240084 0.426966
1.578547 1.148418
1.537625 2.546864
1.729080 1.272418
2.335724 2.440256
1.761030 0.741161
2.054665 1.542141
0.380755 2.867928
-0.148862 3.028691
0.726387 2.829894
0.446294 0.461974
-0.476876 1.990657
2.547228 1.069641
1.440963 3.146704
0.480014 3.012900
-1.577527 -0.359299
2.879235 2.384941
1.604037 0.801217
1.494849 0.587710
1.227067 0.859831
0.700285 2.047730
0.878210 -0.015174
0.622106 1.544759
1.831840 3.422430
0.456883 2.561810
2.433052 1.709939
0.870404 1.576733
0.981353 1.063487
0.910454 1.426342
1.668410 0.742242
0.597171 0.172262
2.540320 0.635810
-1.062880 1.737072
-0.000596 1.413276
0.691867 1.785816
1.319794 1.110948
0.897719 0.091652
0.705993 0.395083
0.914483 1.413257
0.561083 -0.215607
-0.049575 -0.700189
0.386633 0.047674
-0.350945 1.173231
0.974434 1.121223
0.009568 1.411421
1.560448 1.561617
1.003510 -0.949171
1.559263 1.258749
0.698160 1.769682
-0.555256 1.762300
-0.081187 1.013784
-1.097290 -0.355198
1.638914 2.827346
2.579029 1.386613
1.206252 2.244890
1.445520 0.774941
3.688700 1.400435
1.944982 -0.756264
0.801582 2.669384
-0.056533 2.094295
1.976943 -0.327185
0.734462 1.922794
3.297564 2.660169
-0.173393 0.835741
-0.839743 1.555337
0.775218 1.286378
0.295377 1.708072
1.860523 0.268116
3.111281 0.547690
0.715367 2.670879
0.590396 -0.474058
-1.095099 2.552143
0.460001 -1.059252
1.043642 0.297476
0.722676 0.795890
1.371443 1.461697
-0.396598 1.053705
-0.141865 0.084708
1.647358 0.427988
1.484982 0.201315
1.571131 -0.020784
1.518262 0.997785
0.899852 -1.657555
1.820226 1.864340
1.617678 0.595008
2.096586 0.773692
2.087870 0.130302
1.225921 0.082678
0.476281 0.627135
1.277364 1.852053
1.719778 -0.277520
0.582398 2.051132
1.166907 0.280267
2.240779 0.712886
0.563763 1.037389
0.672195 0.484388
0.782496 1.594752
0.681026 0.771567
3.206895 2.378742
0.791305 -0.409100
0.657246 -0.046381
1.882667 0.600189
1.319825 0.800092
0.808827 0.258516
1.366190 1.491514
0.932244 2.274908
0.974179 0.934895
-0.113891 0.434718
0.084971 1.370329
1.468255 1.171315
0.630006 1.252525
2.479730 0.903366
1.024215 0.756188
2.059648 -0.147589
-0.246398 2.872117
2.100092 -0.983222
1.395289 -0.511286
1.968427 3.095485
-0.282795 -0.154284
-0.180636 2.567677
1.844932 0.408237
1.866623 1.303290
0.333715 0.274189
1.284266 -1.461103
1.553056 0.848604
1.739552 -1.039477
1.864562 2.626057
1.273383 -1.097761
0.775406 1.842464
0.719314 0.538704
1.426238 0.732945
2.209957 2.810840
0.290559 0.922699
0.437646 0.574006
0.706214 0.429355
0.118141 1.307176
0.872180 0.712105
2.054037 0.233700
3.683295 2.378253
1.128160 2.383460
0.958939 -0.391404
1.942024 1.402053
-1.773902 1.957683
1.871727 1.516028
0.646327 0.534547
-0.395816 1.587653
1.401858 0.189120
2.028320 -0.448845
1.366344 0.192403
0.266759 -1.054311
0.959359 0.093697
0.319498 0.313580
0.093055 -0.324177
-0.798821 1.612131
-0.119822 1.595289
0.458680 1.509503
1.525796 -0.283390
0.578004 0.892296
1.578958 2.187640
1.272341 -0.080299
0.076991 1.634860
2.165713 2.120786
1.273235 0.205639
1.031579 0.186861
0.381757 -0.261176
-0.121259 1.322512
1.358711 2.445099
1.956374 -0.055246
2.406395 0.850558
-1.011565 0.989596
4.896270 1.563255
3.177237 1.928273
2.176859 0.829562
-0.263294 1.178988
0.815171 0.239555
1.553250 1.141193
1.284507 1.213535
-0.280208 0.163604
0.124927 0.342222
0.151589 2.221133
0.894095 -0.252624
1.304728 0.442967
0.551914 2.449899
-0.090178 0.809770
0.964364 1.557094
1.203469 0.273764
1.722466 1.874270
1.455326 -1.196067
-0.423476 -0.810653
0.613543 0.268259
0.492673 0.427244
1.012245 1.402525
1.025018 0.962960
2.411414 0.762058
0.464396 2.667258
1.786994 0.867400
0.530823 2.264486
1.940736 -1.421670
0.124025 1.786940
0.940715 0.601939
1.465224 1.099659
2.031167 2.639958
1.291757 1.180932
0.800937 1.013104
1.794448 1.144024
0.125649 1.303817
0.952388 1.180339
0.593006 1.891063
2.260324 0.589238
-0.626401 2.203263
1.110302 0.670934
2.506250 3.128049
2.902274 -1.152470
1.893011 -0.513167
2.108299 -0.341128
1.255017 0.731373
1.170458 -1.264772
0.550896 -2.046440
-0.371957 0.818024
1.475299 0.824137
-1.431676 0.864509
0.424573 2.118050
2.229914 1.908921
0.070324 0.538033
0.622961 0.893544
1.910532 3.381437
0.150035 0.824419
-1.259276 0.242533
1.878567 -0.519490
2.010091 2.707711
1.432965 0.564539
1.239557 2.621563
-0.032627 1.369996
1.524555 1.743439
0.964274 -1.291119
1.769729 -0.689650
-0.371052 0.523096
1.913337 2.119541
3.440272 1.064474
1.693536 2.216528
1.974922 2.055005
3.340909 0.840639
1.346669 0.840883
-0.487504 2.969822
1.197559 -0.085608
0.742075 1.900185
1.116427 0.960630
-0.053608 1.548025
1.892027 -0.476119
0.771957 -0.512691
0.610232 0.724353
0.160114 1.820364
0.425420 0.297419
1.957795 0.326604
0.379197 1.738425
1.182180 1.897514
2.106906 0.386040
3.441680 0.326908
1.019457 1.399966
0.255026 1.903457
-0.019901 -1.359099
-0.598913 0.450448
-1.045648 3.041311
1.034381 -0.013793
2.818997 1.974482
-0.968711 1.238343
0.505057 -0.383312
1.390023 0.316249
1.222533 1.331950
0.931162 2.160287
1.047050 2.006744
1.800029 3.364305
-0.354299 0.264364
0.798795 0.054774
1.294314 2.351445
2.092963 1.594906
-0.626940 1.365023
0.126683 1.806440
2.897876 0.538954
1.310600 -2.074267
1.692519 -1.185509
0.154770 0.332533
1.158888 1.269543
0.727205 1.359631
0.426970 0.387583
1.448347 0.967389
0.774472 2.038370
1.958696 0.924528
1.833528 1.769110
0.398028 0.066904
1.294975 1.136770
0.636461 1.949008
1.111519 1.899764
1.104750 0.657263
0.589843 2.251257
0.185071 -0.160840
-0.625573 1.254878
-0.324167 1.511528
-0.337511 0.575842
1.855998 2.339462
1.102982 -0.399943
0.501392 0.193059
0.276631 2.121127
0.914587 2.061128
1.978086 0.534880
1.029074 1.861654
1.252850 0.085524
3.057694 1.622290
1.718292 -0.025119
1.366572 -1.388572
-1.558815 0.002379
0.082059 1.983362
2.620640 1.729369
0.375154 1.499897
1.786116 0.386803
1.417232 0.733482
0.386212 1.329780
-0.233608 1.273322
0.829254 0.540555
1.370125 0.485341
1.025353 0.039343
3.000556 0.736237
-0.401514 2.122042
1.240862 3.888159
0.810230 -0.468030
0.976526 1.117768
1.304603 0.701374
2.122311 2.941808
3.066998 2.023229
0.825044 1.513558
1.276924 0.817443
0.066948 -0.127642
1.328281 0.427656
1.468916 2.704407
1.065876 0.920560
2.204557 1.407793
0.479721 2.818260
1.964574 2.422817
0.222224 1.434165
-0.116966 2.741281
1.572278 -0.620443
-0.294745 0.380967
1.275781 0.906586
2.054492 2.200772
0.061267 -0.081349
0.868783 2.205575
0.659940 2.428841
-0.298442 -0.636219
-0.249521 1.000916
0.594583 0.188974
2.597374 2.011790
0.856227 2.120921
-0.417586 0.878622
1.155512 1.904712
-0.018250 0.960960
1.583332 0.027202
0.335243 2.658920
0.820856 -0.580105
-0.381461 1.717115
0.974059 0.006520
1.019581 0.520094
-0.642513 1.579501
-1.341608 1.338624
-0.394814 3.795394
1.973627 -1.013588
-0.730114 1.093201
0.138518 0.938774
0.019821 2.930082
1.002021 1.047759
2.580481 0.353705
-0.005038 1.095456
-0.463523 0.245517
-0.165241 0.937449
1.341705 0.457135
0.143317 1.677520
1.079637 2.406187
2.026965 1.840246
2.259096 2.265510
1.875535 0.779207
1.513586 2.014819
1.366160 0.212997
0.472564 1.112035
1.121768 0.451979
0.022912 -0.439007
2.612485 0.096866
2.405753 1.790227
1.933590 0.405384
-0.274959 1.129708
1.135377 1.080174
0.375177 1.040297
1.287260 1.974085
2.273914 -0.423373
0.320175 0.791117
0.341046 0.637355
2.613239 1.433273
0.097134 3.135991
-0.410769 1.721700
1.020697 0.420962
-0.621759 0.846619
1.414716 0.200516
1.905528 2.117405
0.690177 0.265109
1.098198 2.239420
2.623125 0.912403
1.115499 1.999303
-0.061366 2.088904
1.305965 1.157957
1.324156 1.800352
0.512553 3.343217
1.587118 0.704651
0.274295 0.370068
-0.244301 2.083082
0.573873 1.783990
1.378842 0.644363
-1.941599 -0.008812
1.224820 2.775623
1.233229 1.447233
-0.700748 -0.382715
1.303264 1.679193
1.264288 0.338556
0.540907 -0.047751
2.210169 3.279344
0.099631 2.329893
-0.168847 1.318747
-0.678848 -0.933014
2.295249 -0.136116
0.136875 0.585066
1.623668 0.187252
-0.570374 1.843125
0.959060 1.902023
-0.612860 0.749540
-0.370646 3.536150
0.983592 3.638857
-0.703436 2.402874
-0.281435 -0.126927
1.081988 1.680578
2.070344 1.302785
-1.051176 0.453267
0.659926 -0.584685
0.260115 -0.859273
0.821647 1.947174
0.686847 1.992077
0.787579 1.421243
1.655039 0.061085
0.210945 -0.786585
1.515641 0.151399
1.662430 1.057246
1.828569 -0.349047
2.051796 0.809285
0.888218 0.873627
-0.251071 0.464083
0.626935 0.625492
1.353258 2.149517
0.614197 0.936222
-0.010749 2.006091
1.258594 -1.033600
1.038549 1.468984
1.150701 1.576356
-0.584280 1.085036
1.818739 1.306355
1.009130 0.967304
2.442021 0.265707
1.874544 2.229852
0.964489 1.874353
2.167681 3.556401
1.465406 1.208346
1.669367 0.123056
0.737471 0.627044
2.235105 0.640889
2.621875 0.761165
1.484944 -0.257250
1.049916 1.253419
2.607026 1.387238
0.599116 1.168218
-1.584195 0.140121
0.947022 1.918091
-0.870543 0.478434
1.056689 1.776408
1.301923 0.804681
3.241943 0.322433
1.885305 0.838845
0.167748 -0.152718
1.999319 1.926520
1.013466 1.647901
1.576852 2.824232
0.506890 1.898400
0.720134 1.158249
-0.426197 1.402376
1.796825 2.718986
0.297871 2.296678
0.242217 -1.181617
0.390588 0.580219
0.546537 0.516062
0.043979 0.627402
2.040620 0.316025
0.893033 1.696675
0.349444 1.099283
0.773392 1.617714
1.354618 1.994174
1.184092 -0.152538
-0.409609 2.123047
2.045785 1.732171
0.866189 1.237621
0.955095 1.519404
1.875038 -0.340378
0.658945 0.182818
-0.010901 0.255032
1.500344 1.768060
2.447636 2.101000
1.227921 0.922981
0.721312 1.416389
0.126323 0.195837
1.856325 1.062782
0.740131 -0.639704
1.205099 1.091286
2.542723 0.758518
1.211140 1.239171
3.120228 0.877312
1.327132 -1.452283
1.756949 -0.707011
1.292133 2.578698
1.767636 -0.630541
-0.479425 -0.470298
1.965487 1.962447
2.295176 1.038153
1.541261 0.786575
1.281646 -0.398060
0.928570 0.632274
0.125839 0.556545
-0.110868 3.107746
1.572311 2.459205
2.240930 0.465493
-0.993288 1.795635
-0.015147 1.129929
1.440302 0.776301
-0.161249 -0.038123
1.193238 2.040413
-0.906502 0.635973
0.608914 1.681264
0.842571 1.932299
0.500048 1.120334
1.217247 1.957226
0.708239 -0.870032
1.225406 1.240901
-0.140682 2.518545
1.341866 1.945289
0.667611 0.889570
2.208689 2.300578
1.797845 1.814542
-0.513626 0.714670
1.517421 0.358954
0.799631 0.684872
2.945145 0.558353
2.162314 -0.725707
1.481928 3.452235
0.774582 1.472103
1.624429 2.797758
1.294151 2.014317
3.227795 0.796050
1.140246 1.310734
0.296154 0.887509
1.382625 -1.547380
1.169776 0.207420
-0.455245 2.029630
0.979159 1.244767
1.689287 0.922953
1.437036 0.674442
0.121520 0.844784
0.699669 1.289078
0.043976 1.995029
0.908604 -0.146769
-0.561762 0.115520
2.019840 1.203088
0.000515 0.612447
1.574953 1.600995
1.366482 0.971020
-1.055343 -0.012722
2.699226 -0.277162
0.643361 0.647738
1.101707 1.908907
0.992758 1.573218
2.681028 0.953730
1.463641 -0.220883
0.533362 2.597117
2.148737 1.292211
0.754130 0.339535
-0.370971 -0.948405
1.191030 2.763816
1.559847 -0.635268
