2.455416 0.928376
0.329675 2.182424
-1.045057 0.713689
0.963941 1.525114
0.905658 1.404007
2.225931 1.160462
1.314842 1.315853
0.021690 2.251083
0.153087 1.964446
2.339719 1.436226
-0.215560 1.515821
0.946636 1.446334
2.607063 -0.150396
2.379242 1.270847
0.192367 2.111191
0.844938 2.369015
2.413475 1.844178
1.292983 1.391387
0.759175 0.516012
2.120860 1.096893
1.459328 1.677985
1.194927 2.634662
1.884564 1.078323
3.295179 -0.091258
1.422722 0.498709
2.815120 0.605130
-0.753385 2.406541
0.633138 -0.087670
1.624893 0.200877
1.919836 1.280738
1.061893 1.787796
0.204028 1.850979
0.138634 0.550909
1.855031 0.426448
0.302545 -0.283300
1.361464 2.012430
0.670004 0.180710
-0.311144 -0.166399
0.887571 0.673420
0.586560 -0.622217
2.235808 0.467493
1.106797 -0.538996
-0.906081 1.472307
1.462391 1.589083
2.393461 1.906490
2.157835 1.261504
0.054335 1.071149
0.296188 0.245475
-0.637858 1.279442
1.180862 0.178702
-0.717494 1.044316
-0.743987 0.936194
1.133397 1.702489
1.422892 1.153190
3.324904 2.439350
-0.223061 2.191520
1.340994 0.851267
-0.018459 1.194826
1.710710 0.546208
2.485968 -0.465290
1.286606 0.545896
0.983731 0.787165
0.849454 0.362086
0.986810 1.917076
0.280464 0.922551
-0.145248 2.395083
0.675977 1.881886
1.760102 0.812055
-0.555190 -0.733002
1.158753 1.120128
0.317900 -1.045472
2.369739 2.881214
0.525712 1.241650
-0.298848 1.798122
1.715530 1.337593
-0.443969 1.667132
0.882564 1.616142
0.912743 2.466656
0.212041 0.982506
0.937248 1.322552
1.379264 1.898091
1.397177 -0.348407
1.504747 1.808148
2.144858 0.066568
2.720981 1.194819
0.928273 2.503387
1.628147 2.258590
-0.420032 1.406708
1.059683 0.334839
1.857307 0.664877
-0.443158 0.376929
0.419171 -0.068385
1.615686 0.348416
0.951823 -0.301311
0.228787 2.949034
2.173410 1.357533
-1.036686 1.545278
1.985227 1.102007
0.975161 0.427571
0.521589 1.040815
1.134823 2.026358
0.941833 0.581780
2.216872 2.149848
0.093900 2.602764
0.325082 0.552931
1.130630 2.450945
0.399205 1.555363
0.432088 0.942706
0.629000 0.860289
0.832156 1.888475
0.770737 0.752653
0.201962 0.557083
0.759443 1.012667
-0.637148 0.149600
1.784454 -0.516820
-0.120505 1.626212
1.793115 1.947042
1.117941 2.282974
0.720994 0.474791
1.824577 0.488904
2.132584 1.857903
-0.585602 0.513508
0.354718 2.761794
-0.385366 1.104711
-0.938402 -1.361517
0.454774 1.709762
2.369794 -1.387477
1.621177 0.440580
1.562565 0.714919
-0.699379 -0.245508
-0.846082 1.819396
1.438118 -0.599880
1.245127 0.216523
1.566071 0.807002
0.764435 1.912969
-0.267802 2.379444
0.021225 2.965720
1.187015 -0.765206
3.170592 0.803101
3.138518 0.909529
2.962183 0.250640
-0.822186 0.296524
0.830255 1.266112
2.071009 2.444098
2.348391 0.157868
1.907820 0.250651
1.211301 2.522567
0.596851 0.315115
0.128614 3.404538
0.152442 -1.963988
2.169546 2.134612
-0.096887 -0.618255
0.416112 2.454832
1.605156 0.401172
0.981372 0.305168
0.581424 1.034973
-0.539943 2.724561
2.244604 -0.701590
0.277329 0.897741
0.567609 0.306019
1.500277 2.400833
0.816433 0.534577
1.718142 -0.162101
1.146475 3.055682
0.209297 1.138855
0.394036 -0.363641
0.885300 0.150795
-0.884154 1.113181
-0.073522 -1.199248
0.964672 1.200597
1.371902 2.672297
1.789290 -1.218646
1.609515 0.697966
1.589553 3.063010
0.320512 2.332519
0.866519 0.110048
0.131290 0.755419
0.483921 1.883518
1.357628 0.123061
1.772496 -0.897002
3.062801 1.122544
-0.512686 1.088957
-0.042058 0.886498
1.185008 -0.243821
1.064083 0.785412
0.494601 -0.344496
1.188784 0.747126
0.250914 0.365273
0.006817 1.005428
1.865476 1.085816
0.944043 -1.005910
0.142123 2.329403
1.298505 0.583751
0.816713 2.004119
1.290710 -0.562908
1.597936 -1.009381
0.800840 0.270169
1.702338 0.323658
1.358750 1.205419
0.000154 2.938885
4.316071 4.485993
4.499885 4.478292
4.799886 5.021697
3.849459 3.645758
6.279097 5.213696
4.988350 6.222802
4.758469 2.742699
4.748534 6.500252
5.885748 5.497031
6.114930 4.932787
5.588803 4.926107
6.559312 3.673709
4.166439 3.418720
3.164390 6.291811
6.448192 6.311858
5.206731 3.999110
1.876064 4.553298
4.714624 4.899831
6.408533 6.420968
4.311782 4.422742
5.378928 6.301732
5.824939 3.985099
5.104825 5.208126
3.907788 6.685743
6.132570 5.451596
5.462811 4.562478
6.503197 3.763722
5.048170 6.706649
5.453970 3.767654
3.343786 6.889799
5.573369 5.537633
4.096987 6.084248
4.661503 4.589053
5.850214 4.721538
5.888898 2.971959
4.918585 5.549823
5.960315 5.942687
7.979603 4.998911
5.774378 3.548945
5.124635 4.341644
3.959109 4.825784
5.354159 5.288599
3.596305 3.021264
3.829418 4.228066
3.345521 5.531837
4.594379 6.290807
6.983122 6.549911
6.210579 4.182059
4.874905 3.733238
5.287281 5.021770
4.768132 5.269585
4.892122 5.737211
3.796125 5.110682
5.891632 4.816725
4.051307 7.499485
6.915126 6.372491
4.857418 4.660817
4.894753 3.911045
4.597158 4.377424
5.110781 5.516519
5.415289 5.172756
5.953314 4.247606
6.776923 4.859289
3.615821 5.532831
4.100515 5.631877
4.713126 6.170948
4.671298 4.555320
3.789147 5.934352
4.685696 6.350369
5.072089 4.165246
4.920030 6.790805
4.655427 6.579473
5.846261 4.263500
5.284935 5.981364
4.745368 5.587352
7.361106 5.243623
5.294906 7.705797
5.784508 2.291944
6.903454 5.216692
4.296498 5.818025
4.313374 3.954073
6.471228 5.474251
4.034304 5.927977
5.807143 5.798852
4.148886 6.206244
3.938605 4.987564
4.987660 4.442685
5.550875 5.704299
4.693460 4.595149
4.541043 5.017612
5.571555 5.520841
4.495398 5.136664
5.918447 4.371243
4.675859 4.917233
4.073114 7.160433
4.421917 5.800306
4.350248 6.547723
4.919094 6.391372
4.650999 2.413276
4.783765 3.763150
5.422268 3.094178
5.000427 6.728516
4.764436 5.956464
1.709719 5.532836
5.117300 5.100664
4.937141 6.095733
5.649360 6.128654
4.616508 6.133293
4.760771 3.698946
3.627194 3.567866
5.702950 4.079638
3.854030 4.857189
4.963922 3.529173
5.236671 3.801159
5.225536 4.111478
6.500862 3.621265
3.159375 6.091209
4.771014 5.278253
4.889917 5.157624
5.203477 4.285305
4.601581 4.151235
5.761885 4.387149
5.616850 3.788003
4.261656 5.265414
3.558188 5.308135
5.181328 4.749299
5.268085 5.613837
4.987958 4.694820
7.313336 4.821861
6.093397 5.366659
6.977063 5.197512
4.881169 4.625987
6.332881 4.590930
6.193555 5.348552
5.592379 6.285186
5.290683 4.946927
3.649598 3.975901
3.906311 3.487011
6.261350 4.184342
6.345539 2.954997
5.082725 6.517005
5.475303 3.721541
5.415584 4.678553
7.014507 5.476062
5.007237 4.480358
6.679695 4.444886
5.345625 4.461546
4.178709 6.841075
5.264570 4.622334
6.344274 4.289531
4.312983 5.687948
7.627796 6.036544
3.717871 5.123153
5.837954 5.255238
6.411933 4.218357
5.807312 5.463417
3.782681 4.137341
4.044099 6.657417
4.593088 4.342017
3.735260 3.995910
4.624730 4.166644
5.856145 4.885893
4.030934 5.613418
5.578811 4.579034
5.773365 3.411816
4.836967 4.474413
4.077058 4.174084
3.462978 5.592888
5.831919 5.586779
6.611914 3.480320
4.486481 4.063084
4.514399 5.619071
5.243049 5.046435
3.920851 5.587159
4.427526 6.076992
6.436122 5.386631
4.968980 4.047283
6.081194 3.326201
5.119813 4.096148
6.389906 4.664894
6.254592 4.872167
4.667716 4.730916
7.246518 4.697673
6.601682 5.002641
5.344448 5.861592
5.717674 4.843086
3.792618 4.261744
5.991870 4.356660
4.567127 4.074718
5.042566 4.261283
5.645188 3.263955
5.324545 2.608849
3.998447 4.450895
4.454743 5.876875
6.948038 3.183859
4.307771 3.785901
5.642458 3.779664
5.141771 4.497456
4.545919 4.285592
5.047958 3.614909
2.355274 3.214124
2.112587 2.023482
2.252809 3.583287
3.404923 1.921012
1.439936 0.365935
1.344200 2.279207
0.845597 2.314192
2.749197 2.014845
1.697804 4.574542
1.595135 1.644173
2.279550 3.094007
1.290643 3.722807
1.403042 0.124950
0.241695 0.646714
2.669410 3.751288
1.264263 3.692769
1.358406 1.797747
2.410720 2.286167
3.131519 0.830320
0.769936 2.613091
0.667052 1.673154
0.345208 1.623160
4.245455 1.400990
2.137084 1.516363
1.813549 0.397819
4.038428 2.046652
2.737996 2.141979
1.990616 2.827491
1.475471 2.041998
1.818494 0.718909
1.949221 3.247869
2.200520 -0.031810
3.427243 1.615747
0.849924 0.961955
2.951503 0.100463
1.934655 1.374766
-0.582532 2.273648
2.903189 3.122555
2.654594 0.944422
2.389209 1.045957
1.608685 2.464734
4.076165 1.260333
2.025849 3.694795
1.643020 2.052938
2.258483 2.345835
4.225785 2.294296
2.721091 4.676829
2.460969 3.953121
2.905385 3.002618
2.143435 3.749438
2.214195 1.262841
1.125515 2.704228
2.055567 1.509081
1.473672 1.819566
3.809898 1.416997
2.718759 3.578250
2.642594 2.932918
-0.124120 1.962340
0.990491 1.630861
2.601346 3.518929
0.889563 1.915165
2.662524 2.547107
3.700450 2.834271
2.004332 1.266849
1.756281 3.083221
2.978961 0.765190
1.819798 1.545543
2.139617 0.545390
1.828905 1.985493
2.529632 2.529689
2.183601 -0.140126
2.041077 4.165260
1.571423 1.075514
1.098219 1.609749
2.694287 0.777860
2.181352 1.177041
1.054197 1.959017
3.078165 2.578305
0.075868 2.161657
2.527471 3.403773
0.955041 2.010411
3.656504 0.981851
1.396684 2.321913
2.324944 0.571225
1.123293 2.472216
2.776090 0.188132
3.542046 0.150628
2.467334 1.902010
3.716058 2.786064
2.892518 0.070080
1.404592 3.084249
1.602700 2.646505
1.769201 2.116199
2.918911 1.404573
2.233783 3.496184
2.213278 1.663995
2.728833 3.191916
2.891169 0.664020
3.267547 3.922453
1.408779 3.590219
0.163509 0.649982
2.247602 0.024913
0.483599 2.284335
0.564759 2.773663
2.257578 3.047867
2.204020 2.266127
2.340035 0.649018
1.935638 3.182952
2.882207 0.483265
2.041358 1.553643
1.092880 2.138697
2.241403 3.462014
2.065516 0.095839
2.522288 1.826935
2.535450 1.403672
2.571816 2.888710
3.402080 3.772827
1.470402 2.916266
0.150513 2.696982
1.277223 2.382633
3.849867 3.688982
1.624970 1.448616
1.863000 2.607517
1.471924 2.337100
2.432498 2.280932
3.760721 3.033001
1.525645 1.102356
1.650113 1.676050
0.200675 1.442539
1.613536 2.294485
2.230018 2.405871
0.111545 1.795594
1.790322 3.522840
2.609921 1.958142
2.423258 1.244902
2.704869 1.628240
3.542229 2.599049
2.677768 2.718017
2.594212 1.271397
0.593049 2.762484
2.484340 1.516066
2.093769 2.564845
2.952066 1.613625
1.238339 3.676058
1.369791 2.618533
3.545762 1.078538
1.603361 1.662668
1.238880 2.407619
0.850236 3.193598
1.767885 2.161662
2.276966 2.753502
1.444599 2.941533
2.559796 0.306224
2.545625 0.649024
2.058919 1.300864
2.592357 2.964940
3.034529 1.352189
2.098091 0.729396
1.830412 2.201510
3.837777 2.570409
0.707891 1.519721
1.719160 3.119698
3.476952 2.334115
1.974594 2.567826
2.197205 2.743162
2.760126 1.634528
1.842206 1.436363
1.725675 0.250009
3.669090 0.960080
1.852552 3.697205
2.376553 3.224887
2.640860 0.462917
0.650080 2.319976
0.380270 3.091841
1.730617 0.622370
0.502755 1.777343
1.052516 0.331393
0.859258 0.215238
3.573439 3.267260
2.824207 1.238645
1.304614 1.086775
1.690366 2.012590
2.021637 1.839832
1.036721 2.815994
1.059383 2.873474
0.516176 0.316824
1.839206 3.636587
2.691591 0.627424
0.264372 2.019225
2.817371 3.429944
2.634849 1.592741
2.239939 1.483955
2.277881 2.623708
2.693467 3.438323
4.009864 1.838921
1.791962 -0.090580
2.876584 0.836683
2.656255 1.232591
2.577014 2.019268
3.763128 1.090029
