2.746977 1.773301
0.061371 0.942719
0.192093 0.627253
1.739688 1.314920
-0.575757 0.373099
1.018666 2.705343
-0.370878 2.063025
1.143139 1.075891
2.192818 -0.259512
1.638597 0.918892
1.159707 -0.151501
1.625777 1.494050
-0.645686 1.965323
1.962132 1.586025
0.735819 1.318993
0.725284 0.243812
2.378228 0.570611
-0.135856 1.234209
-0.281330 0.662246
0.422701 0.813246
1.508963 1.013881
1.290120 1.129246
0.915704 -0.906129
1.887943 2.471876
1.131330 1.604427
0.661299 2.584621
1.302098 -0.601037
1.170278 0.035620
-1.942231 -0.429067
1.344880 1.029868
0.487973 1.706367
-1.164335 2.091903
1.090724 -0.275654
0.982684 1.510464
1.385014 0.252611
0.879405 0.594830
2.225863 0.393040
-0.852193 -1.034965
0.133375 2.308438
-0.444383 0.529754
2.475690 1.561322
0.292594 -0.085601
0.209374 2.938656
2.128429 1.434177
0.517253 0.988914
1.386391 0.847162
0.939903 0.440117
-0.341725 1.115990
0.460792 0.357541
2.005385 2.617813
2.722845 1.506932
2.042685 0.378450
1.463069 0.853588
0.271345 4.159451
0.709657 2.076210
2.362855 0.189648
2.866907 0.233673
0.062458 1.676720
-1.104162 1.474635
0.379203 0.982517
1.579243 2.692951
-0.298471 0.545432
1.637333 0.963591
0.591853 -0.094178
2.355976 1.213224
1.875331 1.365451
2.010806 0.499036
2.759112 2.008449
0.198452 0.931842
0.961207 0.406748
0.845439 2.604433
2.897025 2.216389
0.524608 0.653368
1.146562 -0.355814
1.704442 1.495038
0.948252 2.530566
0.558125 0.293467
0.593178 0.442943
0.743648 1.472074
2.223374 0.502236
1.711961 0.596027
1.340270 0.208538
2.681613 0.769056
0.153606 -1.843974
0.480926 0.910995
2.495958 0.740239
0.549076 1.027149
1.645667 -0.780149
1.945337 2.528391
1.125923 1.099915
1.865263 1.358495
1.796286 0.573530
-0.598537 1.219052
0.737746 3.012734
1.266711 0.705399
0.590462 2.735806
1.198124 2.158920
2.124666 0.025870
1.690033 -0.051088
0.199536 1.718171
3.709074 2.928346
2.893551 3.499298
1.852169 1.437360
1.683454 3.822495
3.715640 1.354144
4.705517 3.490865
3.435778 2.603773
3.576238 4.660612
2.139467 3.453488
3.694605 3.000409
1.121702 2.550297
2.502796 3.986543
3.617022 2.034699
2.128764 2.476397
2.438998 4.229447
2.427942 4.089929
4.358641 3.772505
4.519082 2.040053
3.434198 2.473354
3.263983 2.383766
3.520281 3.569795
3.037657 3.172834
4.816857 1.127905
2.897264 2.757462
1.943441 4.858464
3.149332 2.446971
1.906012 0.972814
2.848586 2.601176
4.294033 3.620597
3.118433 1.847959
3.490844 1.969908
1.209942 3.346912
3.036933 2.460512
3.420540 2.716992
2.263256 2.000642
3.177293 3.892738
2.201174 4.192398
3.087003 1.864683
3.393007 2.473863
2.679991 2.411959
2.955122 3.200142
1.040791 3.398087
2.610650 3.613290
2.024723 4.358254
2.517616 2.967571
2.521307 0.130974
2.957193 3.896857
1.762754 2.177218
2.773939 2.480459
1.267489 2.450075
2.130872 3.199743
2.065151 3.163793
4.680184 2.686471
1.762961 3.133698
2.990452 3.118003
3.517612 4.024853
3.226685 2.902370
3.917496 2.795216
4.343130 3.107619
4.400711 3.215215
2.843688 2.807096
2.739630 2.830963
5.139616 2.592453
2.637449 3.550991
2.834085 2.700525
2.572597 2.837296
4.965848 1.796933
5.119458 3.853678
3.859771 0.692130
4.617374 4.272704
3.405502 3.295182
3.446727 4.684898
2.573367 3.971252
4.283694 2.467796
4.180520 2.243165
2.902361 1.609207
3.225668 3.075267
1.882651 4.126972
2.628962 2.848170
3.967790 3.363948
2.451179 0.501272
4.058714 3.966900
2.203136 1.433488
1.098622 3.018783
2.991847 3.451593
2.628588 2.689806
1.170493 3.964807
3.115546 2.849596
2.613024 3.450433
3.462882 2.294621
3.973346 2.277670
1.822414 2.840308
1.661901 3.139205
4.641730 3.702855
2.160432 3.370484
0.023506 2.616957
3.724244 4.207767
5.680920 2.288074
3.099325 2.300791
3.402818 4.187959
4.988768 4.005756
6.053337 6.808302
3.574899 5.784952
4.628925 4.834248
3.453981 5.495440
4.830631 4.209131
4.836464 4.738148
3.310229 5.812391
7.128900 6.324611
6.752242 3.540941
4.583924 4.680287
4.897301 5.733599
5.178385 4.899998
6.933117 4.916724
4.738512 5.007517
5.311229 6.432945
4.934612 4.781866
4.211500 3.615931
4.743966 5.186025
4.089595 5.135981
4.379923 5.388002
6.136568 5.129145
3.537283 5.491535
4.673717 3.403028
5.152772 3.644102
5.613811 5.296395
6.829594 4.596234
6.984019 4.990381
5.213671 5.419595
4.076959 2.901552
5.133322 6.220227
5.396673 4.341468
5.557115 6.499917
3.649693 6.103994
5.372889 5.101039
3.046198 5.570354
4.883043 5.721682
6.011621 5.468065
3.717681 6.474508
5.476453 5.028431
4.216627 4.047009
3.902340 5.405873
4.818106 5.728684
7.190095 6.279899
4.958141 5.053164
5.939878 5.969217
3.268247 4.723239
5.798866 5.992303
3.792541 4.908484
6.949834 4.573186
4.310107 5.370804
4.618589 5.296666
3.844098 7.299786
5.081290 5.733219
4.540467 5.381891
6.326949 4.241589
5.677110 6.629860
5.972158 4.506850
3.702657 2.688990
4.843341 4.732498
4.835362 4.556888
5.262510 3.756835
5.288285 4.596380
5.930176 7.061726
5.295941 4.851395
4.796913 5.162596
3.538466 4.497087
5.221169 5.040120
3.922518 5.583547
3.226489 4.762388
4.342075 3.578701
4.251150 3.506882
5.268461 5.886035
3.634401 3.746984
5.876274 5.617994
7.236013 3.740575
3.655978 4.315204
4.588975 6.788075
4.911257 4.830195
5.760803 5.095959
4.639092 3.855869
4.139019 5.440095
3.403959 4.469390
5.319301 6.064307
5.213398 5.293905
4.759608 4.056856
4.809931 5.952224
7.006711 6.137602
5.677695 2.505702
5.501957 7.384455
6.254826 4.142331
3.082693 4.625581
4.714468 3.644191
5.379902 5.659715
6.216672 5.213859
5.060550 4.494223
5.933558 5.755734
4.612236 4.965251
3.322238 5.507029
4.970792 4.140978
