1 1
2 201
3 316
4 77
5 8
6 12
7 4
8 2
9 0
10 1
11 1
12 0
13 1
14 0
15 1
1 1
2 196
3 285
4 99
5 17
6 21
7 0
8 1
9 3
10 0
11 1
1 1
2 210
3 270
4 53
5 71
6 8
7 2
8 2
9 5
10 2
11 0
12 1
1 1
2 180
3 313
4 86
5 18
6 19
7 4
8 1
9 0
10 1
11 0
12 1
13 1
1 1
2 213
3 237
4 135
5 10
6 8
7 1
8 7
9 11
10 1
1 1
2 170
3 353
4 35
5 21
6 10
7 23
8 4
9 1
10 1
11 3
12 0
13 1
1 1
2 174
3 305
4 58
5 24
6 46
7 8
8 1
9 2
10 5
11 1
1 1
2 204
3 283
4 57
5 25
6 35
7 7
8 3
9 2
10 1
11 0
12 2
13 1
14 2
15 0
16 1
17 1
1 1
2 219
3 290
4 42
5 31
6 26
7 5
8 6
9 3
10 1
1 1
2 178
3 346
4 33
5 7
6 42
7 9
8 1
9 2
10 3
11 1
12 1
13 0
14 1
1 1
2 217
3 271
4 97
5 17
6 5
7 8
8 7
9 1
10 0
11 1
1 1
2 184
3 361
4 40
5 15
6 4
7 12
8 6
9 1
10 1
1 1
2 186
3 269
4 54
5 88
6 16
7 3
8 2
9 1
10 1
11 1
12 0
13 1
1 1
2 199
3 329
4 72
5 10
6 4
7 3
8 2
9 2
10 2
11 0
12 1
1 1
2 189
3 304
4 46
5 27
6 46
7 6
8 0
9 2
10 2
11 1
1 1
2 225
3 316
4 26
5 10
6 8
7 27
8 4
9 0
10 3
11 2
12 1
1 1
2 194
3 357
4 25
5 33
6 2
7 2
8 5
9 2
10 1
11 1
12 1
1 1
2 220
3 263
4 88
5 28
6 11
7 10
8 1
9 1
10 1
11 0
12 1
1 1
2 199
3 346
4 22
5 15
6 3
7 16
8 13
9 4
10 5
11 1
1 1
2 173
3 269
4 146
5 20
6 0
7 4
8 7
9 2
10 0
11 1
12 1
1 1
2 172
3 335
4 19
5 20
6 59
7 3
8 8
9 5
10 1
11 1
1 1
2 221
3 272
4 52
5 63
6 8
7 5
8 1
9 0
10 1
1 1
2 166
3 338
4 75
5 25
6 7
7 3
8 2
9 1
10 2
11 2
12 1
1 1
2 220
3 301
4 13
5 70
6 5
7 2
8 4
9 0
10 5
11 0
12 1
13 1
14 1
1 1
2 214
3 306
4 84
5 3
6 9
7 3
8 1
9 1
10 1
11 0
12 1
13 0
14 1
1 1
2 174
3 257
4 129
5 48
6 4
7 4
8 1
9 4
10 2
11 1
1 1
2 173
3 345
4 44
5 16
6 32
7 5
8 6
9 2
10 0
11 1
1 1
2 113
3 281
4 192
5 31
6 1
7 1
8 0
9 1
10 3
11 1
1 1
2 203
3 323
4 16
5 47
6 16
7 1
8 5
9 4
10 5
11 2
12 1
1 1
2 120
3 399
4 15
5 14
6 51
7 13
8 0
9 2
10 1
11 4
12 2
13 1
1 1
2 138
3 225
4 140
5 83
6 29
7 5
8 1
9 1
10 0
11 1
12 1
1 1
2 206
3 303
4 38
5 14
6 44
7 2
8 4
9 8
10 1
1 1
2 181
3 324
4 27
5 43
6 32
7 13
8 3
9 0
10 1
1 1
2 209
3 305
4 41
5 10
6 29
7 20
8 3
9 1
10 4
11 1
1 1
2 214
3 300
4 19
5 69
6 12
7 1
8 2
9 4
10 1
1 1
2 197
3 332
4 28
5 48
6 5
7 8
8 2
9 1
10 0
11 1
12 1
13 1
1 1
2 210
3 260
4 66
5 75
6 5
7 2
8 2
9 2
10 1
11 0
12 1
1 1
2 145
3 332
4 28
5 69
6 28
7 14
8 6
9 1
10 1
1 1
2 200
3 345
4 23
5 14
6 19
7 13
8 4
9 4
10 1
11 0
12 1
1 1
2 171
3 345
4 33
5 15
6 14
7 29
8 8
9 5
10 2
11 1
1 1
2 211
3 306
4 36
5 9
6 39
7 5
8 2
9 9
10 5
11 0
12 1
13 1
1 1
2 181
3 288
4 108
5 34
6 4
7 1
8 1
9 2
10 1
11 1
1 1
2 208
3 273
4 71
5 54
6 6
7 7
8 2
9 0
10 1
11 1
1 1
2 229
3 320
4 20
5 19
6 17
7 6
8 6
9 5
10 1
1 1
2 174
3 300
4 60
5 69
6 6
7 10
8 4
9 0
10 1
1 1
2 195
3 305
4 30
5 69
6 8
7 10
8 1
9 1
10 0
11 1
12 1
1 1
2 204
3 286
4 94
5 6
6 11
7 5
8 4
9 6
10 5
11 2
12 0
13 1
1 1
2 157
3 286
4 77
5 92
6 3
7 3
8 2
9 0
10 1
11 1
12 1
1 1
2 179
3 302
4 26
5 89
6 12
7 8
8 4
9 1
10 1
1 1
2 166
3 319
4 31
5 83
6 15
7 3
8 2
9 2
10 1
1 1
2 195
3 288
4 111
5 11
6 2
7 2
8 1
9 8
10 5
11 1
1 1
2 162
3 282
4 65
5 36
6 66
7 5
8 3
9 1
10 1
1 1
2 213
3 304
4 39
5 51
6 9
7 5
8 0
9 1
10 1
11 0
12 1
1 1
2 202
3 316
4 15
5 57
6 22
7 6
8 2
9 3
10 1
1 1
2 213
3 269
4 44
5 74
6 8
7 11
8 1
9 1
10 1
1 1
2 208
3 318
4 35
5 50
6 6
7 3
8 0
9 2
10 0
11 1
1 1
2 194
3 328
4 27
5 26
6 21
7 18
8 7
9 1
10 1
11 0
12 1
1 1
2 211
3 260
4 70
5 59
6 6
7 8
8 4
9 2
10 0
11 1
12 0
13 1
1 1
2 185
3 247
4 96
5 81
6 3
7 5
8 1
9 0
10 1
1 1
2 154
3 325
4 60
5 23
6 38
7 12
8 8
9 3
10 1
1 1
2 191
3 342
4 65
5 3
6 7
7 13
8 1
9 0
10 1
1 1
2 213
3 323
4 24
5 18
6 27
7 3
8 5
9 9
10 1
11 1
1 1
2 223
3 311
4 59
5 11
6 13
7 2
8 1
9 1
10 0
11 2
12 0
13 1
1 1
2 191
3 319
4 18
5 74
6 10
7 3
8 2
9 3
10 2
11 1
12 1
1 1
2 187
3 313
4 79
5 21
6 7
7 9
8 4
9 0
10 1
11 1
12 1
13 0
14 1
1 1
2 148
3 247
4 124
5 76
6 21
7 4
8 3
9 0
10 1
1 1
2 189
3 353
4 53
5 7
6 8
7 4
8 0
9 3
10 4
11 1
1 1
2 211
3 263
4 121
5 16
6 2
7 2
8 3
9 4
10 1
1 1
2 182
3 326
4 45
5 20
6 41
7 1
8 1
9 2
10 5
11 1
1 1
2 124
3 339
4 68
5 21
6 56
7 3
8 3
9 6
10 3
11 1
1 1
2 102
3 424
4 31
5 29
6 23
7 10
8 3
9 1
10 0
11 1
1 1
2 135
3 253
4 202
5 10
6 14
7 6
8 1
9 0
10 1
1 1
2 202
3 325
4 20
5 58
6 5
7 9
8 2
9 0
10 1
11 0
12 1
13 1
1 1
2 119
3 342
4 58
5 82
6 17
7 1
8 1
9 1
10 1
11 1
1 1
2 210
3 249
4 122
5 19
6 13
7 3
8 1
9 3
10 1
1 1
2 208
3 298
4 25
5 65
6 15
7 9
8 2
9 0
10 1
1 1
2 233
3 291
4 38
5 8
6 36
7 4
8 0
9 2
10 1
1 1
2 224
3 293
4 42
5 10
6 31
7 8
8 9
9 5
10 1
1 1
2 188
3 303
4 49
5 15
6 11
7 37
8 13
9 4
10 1
1 1
2 119
3 386
4 59
5 12
6 32
7 4
8 2
9 2
10 6
11 1
1 1
2 209
3 306
4 35
5 40
6 10
7 14
8 2
9 4
10 1
1 1
2 182
3 332
4 69
5 16
6 19
7 3
8 1
9 0
10 1
11 0
12 1
1 1
2 215
3 241
4 142
5 9
6 4
7 4
8 4
9 3
10 1
1 1
2 203
3 318
4 27
5 38
6 8
7 18
8 3
9 6
10 1
1 1
2 201
3 311
4 44
5 14
6 5
7 27
8 16
9 1
10 1
11 2
12 1
13 1
1 1
2 175
3 298
4 105
5 24
6 4
7 6
8 9
9 0
10 1
11 1
1 1
2 220
3 312
4 16
5 37
6 27
7 4
8 4
9 1
10 1
1 1
2 211
3 270
4 107
5 11
6 6
7 8
8 0
9 2
10 4
11 1
1 1
2 174
3 292
4 123
5 4
6 14
7 13
8 0
9 1
10 2
11 0
12 1
1 1
2 227
3 305
4 55
5 28
6 1
7 4
8 2
9 1
10 1
1 1
2 135
3 211
4 238
5 6
6 24
7 6
8 1
9 1
10 1
1 1
2 196
3 234
4 117
5 61
6 4
7 7
8 2
9 0
10 1
11 1
12 0
13 1
1 1
2 189
3 240
4 146
5 29
6 4
7 3
8 7
9 4
10 1
11 0
12 1
1 1
2 191
3 304
4 98
5 11
6 9
7 4
8 1
9 0
10 3
11 1
1 1
2 160
3 268
4 80
5 30
6 76
7 5
8 0
9 1
10 1
11 1
1 1
2 196
3 249
4 143
5 14
6 12
7 1
8 1
9 3
10 2
11 1
1 1
2 200
3 308
4 22
5 68
6 8
7 10
8 3
9 0
10 1
1 1
2 212
3 342
4 29
5 9
6 2
7 11
8 10
9 5
10 1
11 1
12 1
1 1
2 203
3 350
4 33
5 21
6 1
7 2
8 5
9 6
10 2
11 1
1 1
2 199
3 271
4 115
5 19
6 8
7 1
8 0
9 2
10 4
11 1
1 1
2 191
3 298
4 29
5 83
6 6
7 3
8 7
9 6
10 0
11 1
1 1
2 163
3 298
4 130
5 20
6 0
7 3
8 4
9 4
10 1
1 1
2 197
3 307
4 55
5 15
6 17
7 15
8 7
9 2
10 4
11 4
12 1
1 1
2 201
3 333
4 13
5 34
6 34
7 2
8 3
9 1
10 0
11 1
12 0
13 1
1 1
2 191
3 284
4 118
5 7
6 16
7 1
8 0
9 2
10 2
11 1
1 1
2 198
3 322
4 62
5 21
6 2
7 7
8 5
9 2
10 2
11 1
1 1
2 212
3 257
4 124
5 20
6 4
7 1
8 0
9 1
10 1
11 3
12 1
1 1
2 158
3 289
4 93
5 52
6 21
7 4
8 2
9 3
10 0
11 1
12 1
1 1
2 147
3 329
4 30
5 72
6 31
7 9
8 1
9 1
10 1
1 1
2 221
3 278
4 65
5 42
6 9
7 3
8 1
9 2
10 0
11 1
12 1
1 1
2 180
3 336
4 40
5 20
6 5
7 8
8 27
9 5
10 1
11 0
12 1
1 1
2 208
3 299
4 51
5 48
6 3
7 8
8 3
9 2
10 0
11 1
1 1
2 185
3 254
4 77
5 88
6 3
7 1
8 3
9 6
10 0
11 1
12 2
13 1
1 1
2 201
3 324
4 28
5 15
6 26
7 9
8 14
9 5
10 1
11 1
1 1
2 180
3 251
4 72
5 75
6 32
7 6
8 4
9 2
10 1
1 1
2 218
3 261
4 76
5 30
6 20
7 3
8 10
9 4
10 1
1 1
2 196
3 276
4 91
5 46
6 5
7 5
8 2
9 1
10 1
1 1
2 163
3 366
4 28
5 34
6 26
7 2
8 1
9 1
10 1
11 1
12 0
13 1
1 1
2 195
3 294
4 106
5 9
6 9
7 4
8 0
9 2
10 1
11 2
12 1
1 1
2 119
3 379
4 94
5 18
6 2
7 3
8 3
9 4
10 1
1 1
2 174
3 262
4 144
5 24
6 4
7 3
8 6
9 6
10 1
1 1
2 207
3 236
4 116
5 34
6 14
7 5
8 4
9 4
10 1
11 0
12 2
13 1
1 1
2 203
3 317
4 43
5 26
6 4
7 15
8 4
9 1
10 2
11 6
12 1
13 1
1 1
2 219
3 300
4 49
5 16
6 31
7 4
8 1
9 2
10 1
11 0
12 1
1 1
2 218
3 264
4 59
5 46
6 26
7 4
8 4
9 1
10 1
11 1
1 1
2 222
3 261
4 56
5 59
6 6
7 10
8 0
9 3
10 4
11 1
1 1
2 205
3 305
4 25
5 67
6 4
7 6
8 4
9 6
10 1
1 1
2 197
3 347
4 34
5 20
6 3
7 11
8 9
9 1
10 0
11 1
1 1
2 97
3 238
4 225
5 15
6 29
7 15
8 2
9 1
10 1
1 1
2 187
3 334
4 20
5 16
6 9
7 29
8 23
9 0
10 1
11 1
12 2
13 1
14 1
1 1
2 216
3 306
4 14
5 63
6 18
7 5
8 0
9 1
10 1
1 1
2 200
3 316
4 34
5 26
6 32
7 6
8 5
9 4
10 1
1 1
2 196
3 339
4 29
5 17
6 7
7 24
8 9
9 0
10 1
1 1
2 197
3 290
4 112
5 18
6 1
7 0
8 1
9 1
10 0
11 2
12 1
13 1
1 1
2 150
3 332
4 96
5 21
6 12
7 2
8 3
9 4
10 1
1 1
2 176
3 213
4 201
5 10
6 15
7 2
8 2
9 3
10 1
1 1
2 216
3 325
4 49
5 23
6 1
7 4
8 2
9 0
10 1
11 1
12 1
13 1
1 1
2 189
3 320
4 50
5 20
6 32
7 2
8 3
9 7
10 1
1 1
2 192
3 300
4 33
5 73
6 9
7 4
8 2
9 3
10 1
11 1
12 3
13 2
14 1
1 1
2 189
3 278
4 108
5 25
6 7
7 9
8 3
9 2
10 1
11 1
12 0
13 1
1 1
2 223
3 269
4 57
5 17
6 38
7 6
8 4
9 4
10 3
11 1
12 1
1 1
2 214
3 303
4 86
5 1
6 6
7 2
8 1
9 0
10 3
11 5
12 1
1 1
2 127
3 389
4 73
5 11
6 13
7 9
8 1
9 0
10 1
1 1
2 119
3 436
4 36
5 8
6 11
7 6
8 3
9 4
10 1
1 1
2 195
3 274
4 118
5 8
6 18
7 5
8 3
9 1
10 1
1 1
2 138
3 167
4 239
5 65
6 3
7 1
8 4
9 2
10 2
11 1
12 1
1 1
2 214
3 299
4 47
5 7
6 19
7 24
8 4
9 5
10 2
11 2
12 1
1 1
2 214
3 304
4 30
5 28
6 32
7 5
8 5
9 1
10 4
11 1
1 1
2 186
3 325
4 28
5 12
6 42
7 15
8 15
9 0
10 1
1 1
2 159
3 336
4 29
5 78
6 16
7 2
8 0
9 2
10 1
11 1
1 1
2 199
3 330
4 27
5 14
6 11
7 27
8 7
9 6
10 1
1 1
2 180
3 361
4 32
5 26
6 7
7 9
8 4
9 1
10 3
11 0
12 1
1 1
2 198
3 308
4 25
5 26
6 52
7 2
8 2
9 2
10 6
11 2
12 1
1 1
2 225
3 269
4 57
5 46
6 16
7 2
8 0
9 2
10 2
11 3
12 1
1 1
2 221
3 260
4 56
5 24
6 52
7 5
8 0
9 1
10 2
11 1
1 1
2 198
3 345
4 23
5 31
6 15
7 6
8 1
9 3
10 1
1 1
2 218
3 295
4 43
5 16
6 9
7 18
8 12
9 1
10 6
11 5
12 1
1 1
2 203
3 323
4 20
5 57
6 4
7 6
8 3
9 3
10 1
11 1
12 1
1 1
2 184
3 232
4 105
5 72
6 14
7 2
8 5
9 8
10 1
1 1
2 180
3 328
4 48
5 11
6 47
7 1
8 3
9 3
10 1
1 1
2 198
3 331
4 26
5 39
6 12
7 10
8 2
9 3
10 2
11 1
1 1
2 186
3 247
4 143
5 23
6 20
7 1
8 1
9 0
10 1
11 1
1 1
2 211
3 279
4 49
5 57
6 7
7 11
8 6
9 2
10 1
11 1
1 1
2 196
3 332
4 34
5 9
6 36
7 9
8 1
9 2
10 1
11 1
1 1
2 203
3 337
4 60
5 8
6 3
7 7
8 1
9 1
10 2
11 1
1 1
2 168
3 249
4 87
5 92
6 4
7 2
8 4
9 9
10 3
11 0
12 2
13 2
14 1
1 1
2 193
3 333
4 69
5 14
6 9
7 4
8 0
9 1
10 0
11 1
1 1
2 198
3 312
4 28
5 57
6 15
7 4
8 1
9 4
10 2
11 2
12 1
1 1
2 220
3 231
4 142
5 17
6 6
7 1
8 1
9 1
10 2
11 1
1 1
2 221
3 269
4 53
5 22
6 36
7 14
8 7
9 0
10 1
1 1
2 149
3 371
4 36
5 51
6 6
7 4
8 5
9 1
10 1
1 1
2 180
3 365
4 33
5 32
6 7
7 2
8 1
9 0
10 1
1 1
2 137
3 397
4 35
5 35
6 2
7 8
8 6
9 1
10 1
11 1
1 1
2 207
3 323
4 24
5 52
6 2
7 2
8 5
9 3
10 2
11 1
12 1
1 1
2 169
3 338
4 22
5 77
6 10
7 3
8 1
9 1
10 1
1 1
2 206
3 309
4 30
5 16
6 15
7 12
8 22
9 4
10 4
11 4
12 1
1 1
2 149
3 334
4 24
5 90
6 6
7 2
8 3
9 10
10 4
11 1
12 1
1 1
2 188
3 335
4 75
5 6
6 12
7 4
8 0
9 1
10 0
11 1
12 1
1 1
2 186
3 349
4 27
5 4
6 13
7 25
8 9
9 10
10 1
1 1
2 226
3 279
4 44
5 43
6 21
7 0
8 3
9 0
10 1
11 1
12 0
13 3
14 1
15 1
16 1
1 1
2 214
3 305
4 22
5 33
6 43
7 1
8 3
9 0
10 1
1 1
2 206
3 263
4 121
5 16
6 10
7 3
8 1
9 0
10 1
11 1
12 1
13 1
1 1
2 151
3 347
4 25
5 75
6 11
7 4
8 7
9 3
10 1
1 1
2 138
3 234
4 210
5 8
6 6
7 4
8 1
9 5
10 13
11 3
12 0
13 1
14 1
1 1
2 191
3 299
4 51
5 53
6 4
7 4
8 4
9 12
10 1
1 1
2 209
3 306
4 49
5 28
6 7
7 12
8 5
9 2
10 3
11 1
1 1
2 158
3 335
4 39
5 25
6 53
7 5
8 2
9 1
10 0
11 1
12 3
13 1
1 1
2 173
3 271
4 81
5 81
6 6
7 6
8 1
9 3
10 0
11 1
1 1
2 193
3 325
4 41
5 30
6 20
7 3
8 1
9 6
10 1
1 1
2 195
3 311
4 42
5 47
6 14
7 2
8 4
9 2
10 5
11 0
12 1
13 1
1 1
2 179
3 264
4 137
5 25
6 4
7 6
8 7
9 1
10 0
11 1
1 1
2 165
3 333
4 35
5 29
6 56
7 3
8 2
9 0
10 1
1 1
2 189
3 303
4 88
5 26
6 6
7 6
8 2
9 0
10 1
1 1
2 182
3 347
4 33
5 44
6 5
7 1
8 3
9 5
10 1
11 1
1 1
2 204
3 263
4 62
5 76
6 4
7 4
8 5
9 2
10 1
11 0
12 1
1 1
2 195
3 273
4 65
5 30
6 51
7 2
8 3
9 3
10 0
11 1
1 1
2 206
3 265
4 56
5 54
6 25
7 15
8 2
9 0
10 1
1 1
2 175
3 314
4 35
5 25
6 60
7 2
8 4
9 6
10 1
11 1
12 1
1 1
2 190
3 332
4 80
5 6
6 5
7 3
8 1
9 2
10 2
11 0
12 1
1 1
2 206
3 321
4 29
5 7
6 37
7 10
8 0
9 3
10 5
11 4
12 1
1 1
2 193
3 289
4 56
5 62
6 12
7 4
8 0
9 3
10 3
11 1
1 1
2 196
3 272
4 120
5 11
6 15
7 3
8 1
9 2
10 3
11 1
1 1
2 201
3 285
4 103
5 12
6 17
7 2
8 0
9 2
10 0
11 1
1 1
2 201
3 337
4 27
5 16
6 20
7 15
8 4
9 2
10 0
11 1
1 1
2 170
3 261
4 135
5 45
6 5
7 3
8 1
9 1
10 2
11 1
1 1
2 157
3 221
4 211
5 25
6 3
7 2
8 1
9 0
10 1
11 1
12 1
1 1
2 196
3 249
4 55
5 105
6 14
7 1
8 1
9 0
10 1
11 1
1 1
2 186
3 330
4 22
5 42
6 29
7 0
8 2
9 5
10 5
11 1
12 1
1 1
2 193
3 364
4 25
5 9
6 14
7 11
8 0
9 2
10 3
11 1
12 1
1 1
2 207
3 242
4 87
5 15
6 53
7 3
8 6
9 6
10 1
11 3
12 1
1 1
2 145
3 398
4 34
5 7
6 13
7 16
8 9
9 0
10 1
1 1
2 202
3 349
4 28
5 29
6 9
7 0
8 1
9 1
10 3
11 1
1 1
2 209
3 283
4 47
5 32
6 45
7 2
8 1
9 1
10 1
11 1
1 1
2 200
3 311
4 42
5 52
6 8
7 7
8 1
9 2
10 1
1 1
2 198
3 320
4 18
5 39
6 20
7 14
8 11
9 2
10 0
11 1
1 1
2 183
3 294
4 59
5 26
6 9
7 31
8 12
9 7
10 1
1 1
2 202
3 322
4 22
5 62
6 2
7 2
8 4
9 2
10 2
11 2
12 1
13 1
1 1
2 208
3 305
4 21
5 62
6 5
7 17
8 1
9 1
10 1
1 1
2 227
3 270
4 85
5 19
6 7
7 11
8 1
9 2
10 1
1 1
2 213
3 302
4 44
5 11
6 29
7 15
8 7
9 2
10 1
1 1
2 163
3 336
4 24
5 82
6 8
7 3
8 4
9 2
10 0
11 1
1 1
2 203
3 292
4 49
5 57
6 2
7 5
8 12
9 2
10 1
11 1
1 1
2 222
3 297
4 40
5 6
6 23
7 15
8 15
9 5
10 1
1 1
2 201
3 350
4 29
5 26
6 8
7 2
8 5
9 0
10 1
1 1
2 202
3 268
4 71
5 61
6 6
7 6
8 5
9 2
10 1
11 1
12 0
13 1
1 1
2 121
3 345
4 60
5 70
6 6
7 14
8 4
9 1
10 0
11 1
12 1
13 1
1 1
2 133
3 378
4 78
5 3
6 5
7 12
8 7
9 6
10 1
1 1
2 196
3 340
4 31
5 43
6 4
7 2
8 2
9 1
10 1
11 1
1 1
2 153
3 352
4 92
5 6
6 5
7 5
8 7
9 1
10 1
1 1
2 198
3 283
4 96
5 24
6 6
7 6
8 10
9 0
10 1
1 1
2 210
3 266
4 22
5 89
6 10
7 7
8 4
9 2
10 6
11 6
12 1
1 1
2 222
3 306
4 17
5 54
6 6
7 7
8 4
9 0
10 3
11 4
12 1
1 1
2 143
3 273
4 155
5 25
6 11
7 6
8 2
9 2
10 6
11 1
1 1
2 196
3 289
4 106
5 17
6 2
7 2
8 5
9 5
10 0
11 1
12 1
1 1
2 180
3 253
4 132
5 44
6 5
7 1
8 1
9 4
10 1
1 1
2 185
3 284
4 120
5 22
6 5
7 0
8 1
9 2
10 4
11 1
1 1
2 177
3 297
4 47
5 72
6 5
7 18
8 1
9 2
10 1
11 1
12 0
13 1
1 1
2 186
3 307
4 101
5 8
6 1
7 6
8 9
9 1
10 0
11 1
12 1
13 0
14 1
1 1
2 189
3 341
4 75
5 3
6 1
7 4
8 5
9 2
10 3
11 1
1 1
2 225
3 257
4 54
5 26
6 50
7 3
8 2
9 5
10 1
11 1
1 1
2 202
3 308
4 22
5 70
6 11
7 1
8 2
9 1
10 0
11 1
12 0
13 1
14 1
15 1
16 2
17 0
18 1
1 1
2 183
3 338
4 51
5 7
6 19
7 14
8 9
9 1
10 1
11 1
1 1
2 131
3 392
4 81
5 6
6 7
7 1
8 0
9 1
10 1
11 0
12 2
13 1
1 1
2 149
3 303
4 139
5 15
6 3
7 3
8 0
9 3
10 4
11 3
12 1
1 1
2 141
3 311
4 87
5 50
6 23
7 2
8 5
9 3
10 1
11 1
1 1
2 173
3 366
4 48
5 2
6 15
7 13
8 0
9 1
10 1
1 1
2 199
3 321
4 21
5 56
6 5
7 12
8 4
9 2
10 1
1 1
2 173
3 329
4 32
5 68
6 17
7 0
8 1
9 2
10 1
1 1
2 192
3 294
4 104
5 3
6 11
7 3
8 2
9 8
10 2
11 4
12 1
1 1
2 181
3 299
4 99
5 28
6 7
7 5
8 3
9 1
10 0
11 1
1 1
2 214
3 310
4 17
5 31
6 41
7 8
8 1
9 1
10 1
1 1
2 128
3 325
4 132
5 18
6 7
7 8
8 2
9 0
10 1
1 1
2 200
3 272
4 116
5 14
6 13
7 6
8 1
9 1
10 0
11 1
1 1
2 208
3 269
4 125
5 6
6 4
7 6
8 0
9 1
10 2
11 1
1 1
2 189
3 291
4 59
5 70
6 8
7 4
8 0
9 1
10 1
11 1
1 1
2 208
3 301
4 38
5 17
6 44
7 5
8 2
9 2
10 5
11 1
1 1
2 173
3 308
4 41
5 26
6 62
7 4
8 1
9 5
10 1
11 1
12 1
1 1
2 155
3 251
4 141
5 45
6 17
7 1
8 2
9 6
10 1
1 1
2 139
3 323
4 68
5 22
6 56
7 5
8 5
9 3
10 1
1 1
2 117
3 367
4 48
5 31
6 43
7 9
8 4
9 3
10 1
1 1
2 189
3 306
4 21
5 80
6 7
7 4
8 10
9 2
10 2
11 1
1 1
2 209
3 283
4 92
5 15
6 8
7 11
8 2
9 0
10 2
11 0
12 1
1 1
2 231
3 308
4 22
5 15
6 6
7 24
8 12
9 0
10 1
11 1
12 1
13 1
14 1
1 1
2 143
3 350
4 28
5 76
6 6
7 4
8 7
9 5
10 1
1 1
2 200
3 246
4 140
5 27
6 1
7 1
8 1
9 2
10 2
11 1
1 1
2 170
3 277
4 77
5 80
6 11
7 5
8 2
9 1
10 0
11 1
1 1
2 200
3 330
4 28
5 31
6 24
7 4
8 1
9 1
10 0
11 1
12 3
13 1
1 1
2 215
3 319
4 21
5 13
6 32
7 13
8 4
9 4
10 2
11 1
1 1
2 213
3 318
4 35
5 13
6 32
7 6
8 0
9 1
10 0
11 2
12 2
13 1
1 1
2 199
3 258
4 129
5 23
6 4
7 3
8 5
9 2
10 0
11 1
1 1
2 166
3 308
4 120
5 14
6 6
7 1
8 1
9 3
10 3
11 1
1 1
2 187
3 363
4 39
5 11
6 3
7 6
8 4
9 4
10 4
11 1
1 1
2 140
3 324
4 132
5 7
6 5
7 8
8 3
9 0
10 2
11 1
12 0
13 1
14 1
1 1
2 189
3 257
4 132
5 22
6 8
7 12
8 2
9 1
10 1
1 1
2 168
3 303
4 82
5 40
6 11
7 8
8 9
9 1
10 1
1 1
2 185
3 268
4 77
5 17
6 56
7 4
8 9
9 6
10 1
1 1
2 206
3 310
4 31
5 22
6 32
7 8
8 10
9 2
10 1
11 0
12 1
13 0
14 1
1 1
2 202
3 286
4 100
5 18
6 3
7 6
8 5
9 1
10 1
1 1
2 194
3 309
4 48
5 18
6 41
7 3
8 5
9 3
10 1
11 1
12 1
1 1
2 215
3 285
4 87
5 24
6 2
7 4
8 3
9 0
10 1
11 1
1 1
2 180
3 350
4 48
5 9
6 22
7 3
8 4
9 2
10 3
11 1
12 1
13 0
14 1
1 1
2 190
3 304
4 63
5 16
6 39
7 6
8 1
9 2
10 2
11 1
1 1
2 193
3 318
4 53
5 44
6 7
7 3
8 4
9 0
10 1
1 1
2 176
3 276
4 80
5 72
6 6
7 4
8 2
9 3
10 2
11 2
12 1
1 1
2 191
3 307
4 45
5 55
6 3
7 4
8 7
9 8
10 1
1 1
2 224
3 317
4 24
5 32
6 10
7 2
8 5
9 6
10 2
11 1
1 1
2 171
3 321
4 35
5 25
6 13
7 44
8 8
9 1
10 2
11 1
1 1
2 171
3 284
4 76
5 71
6 5
7 1
8 1
9 4
10 1
1 1
2 214
3 250
4 68
5 73
6 6
7 4
8 1
9 1
10 1
11 0
12 2
13 0
14 2
15 1
1 1
2 189
3 317
4 25
5 75
6 8
7 6
8 1
9 1
10 0
11 1
1 1
2 181
3 307
4 96
5 15
6 19
7 2
8 2
9 1
10 1
1 1
2 133
3 386
4 38
5 57
6 3
7 2
8 0
9 1
10 2
11 1
1 1
2 198
3 308
4 76
5 24
6 4
7 7
8 3
9 1
10 1
11 0
12 1
1 1
2 202
3 276
4 60
5 71
6 3
7 7
8 3
9 0
10 1
1 1
2 179
3 342
4 34
5 22
6 13
7 22
8 6
9 0
10 1
11 2
12 1
1 1
2 168
3 383
4 36
5 18
6 10
7 4
8 1
9 1
10 1
11 1
1 1
2 197
3 354
4 25
5 25
6 7
7 7
8 4
9 1
10 1
1 1
2 189
3 288
4 115
5 8
6 7
7 6
8 2
9 3
10 5
11 1
1 1
2 199
3 278
4 97
5 32
6 4
7 7
8 4
9 1
10 1
11 1
1 1
2 141
3 385
4 32
5 11
6 34
7 8
8 9
9 1
10 0
11 1
1 1
2 211
3 319
4 17
5 56
6 6
7 3
8 6
9 4
10 1
1 1
2 181
3 340
4 28
5 57
6 3
7 3
8 5
9 4
10 1
11 1
12 0
13 1
1 1
2 190
3 322
4 20
5 44
6 39
7 0
8 2
9 0
10 2
11 1
12 2
13 1
14 0
15 1
1 1
2 197
3 323
4 25
5 54
6 18
7 3
8 1
9 0
10 1
1 1
2 218
3 343
4 23
5 6
6 8
7 6
8 15
9 4
10 1
1 1
2 188
3 356
4 50
5 11
6 7
7 6
8 3
9 1
10 0
11 1
12 1
1 1
2 193
3 325
4 76
5 3
6 9
7 7
8 1
9 5
10 3
11 1
12 0
13 1
1 1
2 159
3 282
4 146
5 10
6 7
7 5
8 2
9 4
10 7
11 1
1 1
2 171
3 291
4 125
5 18
6 1
7 8
8 6
9 2
10 0
11 1
12 0
13 1
1 1
2 152
3 311
4 62
5 24
6 11
7 48
8 8
9 5
10 1
1 1
2 191
3 288
4 26
5 95
6 4
7 8
8 3
9 4
10 4
11 1
1 1
2 193
3 286
4 110
5 18
6 5
7 2
8 4
9 3
10 1
1 1
2 183
3 287
4 55
5 74
6 5
7 4
8 4
9 8
10 3
11 1
1 1
2 172
3 317
4 57
5 17
6 45
7 4
8 2
9 5
10 1
1 1
2 168
3 233
4 186
5 19
6 5
7 2
8 4
9 4
10 1
1 1
2 144
3 171
4 235
5 51
6 10
7 4
8 0
9 2
10 5
11 0
12 1
13 0
14 1
1 1
2 221
3 287
4 33
5 14
6 24
7 23
8 9
9 5
10 7
11 0
12 1
1 1
2 175
3 348
4 36
5 26
6 11
7 15
8 9
9 2
10 1
1 1
2 208
3 246
4 133
5 9
6 18
7 6
8 0
9 1
10 1
11 1
1 1
2 194
3 204
4 182
5 33
6 3
7 3
8 3
9 1
10 1
1 1
2 169
3 342
4 17
5 66
6 8
7 11
8 3
9 2
10 1
11 1
12 0
13 2
14 0
15 1
16 0
17 1
1 1
2 209
3 280
4 59
5 30
6 25
7 8
8 9
9 2
10 0
11 1
1 1
2 187
3 321
4 34
5 25
6 44
7 6
8 4
9 2
10 1
1 1
2 172
3 310
4 97
5 12
6 22
7 2
8 1
9 3
10 4
11 1
1 1
2 217
3 318
4 14
5 17
6 33
7 8
8 11
9 3
10 0
11 1
1 1
2 193
3 232
4 157
5 21
6 15
7 1
8 1
9 1
10 0
11 1
1 1
2 201
3 285
4 105
5 17
6 2
7 3
8 5
9 3
10 1
1 1
2 183
3 339
4 26
5 11
6 41
7 21
8 0
9 1
10 0
11 1
12 1
1 1
2 219
3 311
4 18
5 34
6 37
7 2
8 1
9 1
10 1
1 1
2 144
3 274
4 36
5 95
6 49
7 18
8 2
9 0
10 1
11 0
12 1
13 2
14 1
1 1
2 162
3 309
4 123
5 16
6 3
7 5
8 3
9 1
10 1
1 1
2 215
3 276
4 67
5 14
6 10
7 17
8 12
9 11
10 1
1 1
2 189
3 324
4 20
5 68
6 6
7 5
8 2
9 2
10 1
11 1
1 1
2 210
3 272
4 106
5 21
6 4
7 1
8 1
9 4
10 3
11 1
12 1
1 1
2 179
3 288
4 121
5 19
6 3
7 0
8 3
9 4
10 1
1 1
2 189
3 345
4 23
5 8
6 37
7 9
8 2
9 4
10 2
11 1
12 0
13 1
14 1
15 1
1 1
2 204
3 275
4 61
5 46
6 22
7 5
8 4
9 1
10 3
11 1
1 1
2 205
3 229
4 161
5 20
6 4
7 1
8 0
9 1
10 1
1 1
2 85
3 421
4 34
5 10
6 53
7 16
8 0
9 2
10 0
11 1
1 1
2 137
3 316
4 112
5 28
6 8
7 9
8 5
9 6
10 1
1 1
2 193
3 249
4 138
5 13
6 23
7 2
8 2
9 0
10 1
11 1
12 1
13 1
1 1
2 228
3 272
4 49
5 52
6 6
7 1
8 5
9 7
10 1
11 1
1 1
2 192
3 270
4 132
5 9
6 4
7 5
8 3
9 1
10 1
11 1
12 2
13 1
1 1
2 170
3 358
4 79
5 2
6 3
7 6
8 2
9 1
10 1
1 1
2 193
3 224
4 136
5 44
6 11
7 5
8 5
9 1
10 1
11 1
12 0
13 1
14 1
15 1
1 1
2 216
3 277
4 41
5 63
6 2
7 5
8 13
9 1
10 0
11 1
12 2
13 1
1 1
2 205
3 305
4 81
5 6
6 8
7 7
8 10
9 1
10 0
11 1
1 1
2 160
3 387
4 46
5 6
6 13
7 7
8 1
9 1
10 1
11 1
1 1
2 187
3 332
4 36
5 20
6 10
7 22
8 7
9 5
10 2
11 2
12 1
1 1
2 203
3 276
4 113
5 21
6 2
7 3
8 3
9 2
10 0
11 1
1 1
2 214
3 269
4 71
5 11
6 36
7 15
8 0
9 1
10 3
11 1
12 1
13 0
14 1
1 1
2 161
3 374
4 62
5 11
6 2
7 0
8 4
9 3
10 3
11 2
12 1
13 1
1 1
2 205
3 271
4 59
5 57
6 24
7 4
8 1
9 2
10 0
11 1
1 1
2 206
3 338
4 26
5 39
6 2
7 3
8 3
9 3
10 2
11 1
12 1
1 1
2 155
3 322
4 104
5 25
6 4
7 6
8 5
9 0
10 1
1 1
2 178
3 348
4 65
5 6
6 9
7 12
8 3
9 1
10 1
1 1
2 183
3 246
4 150
5 30
6 9
7 1
8 1
9 2
10 0
11 1
1 1
2 138
3 396
4 39
5 14
6 18
7 5
8 1
9 4
10 6
11 2
12 1
1 1
2 207
3 309
4 21
5 67
6 10
7 0
8 1
9 3
10 3
11 1
1 1
2 177
3 272
4 73
5 40
6 25
7 29
8 4
9 1
10 1
11 1
12 1
1 1
2 122
3 436
4 32
5 9
6 11
7 9
8 2
9 1
10 1
1 1
2 175
3 301
4 68
5 58
6 4
7 11
8 3
9 0
10 2
11 0
12 1
1 1
2 187
3 344
4 16
5 50
6 5
7 8
8 9
9 3
10 1
11 1
1 1
2 199
3 320
4 32
5 22
6 6
7 27
8 9
9 1
10 1
11 1
12 4
13 0
14 1
1 1
2 201
3 255
4 86
5 62
6 13
7 2
8 2
9 1
10 1
1 1
2 172
3 341
4 20
5 62
6 16
7 3
8 4
9 3
10 1
1 1
2 217
3 271
4 42
5 66
6 17
7 4
8 1
9 1
10 2
11 1
1 1
2 169
3 249
4 116
5 80
6 7
7 1
8 0
9 1
10 1
1 1
2 217
3 301
4 33
5 18
6 30
7 9
8 0
9 2
10 6
11 1
1 1
2 152
3 186
4 251
5 5
6 7
7 17
8 3
9 0
10 2
11 1
1 1
2 172
3 366
4 58
5 8
6 6
7 3
8 3
9 1
10 1
11 4
12 1
1 1
2 224
3 267
4 49
5 61
6 13
7 4
8 2
9 1
10 2
11 1
1 1
2 173
3 319
4 35
5 28
6 57
7 6
8 3
9 2
10 1
1 1
2 131
3 234
4 88
5 132
6 27
7 2
8 3
9 4
10 1
1 1
2 184
3 354
4 65
5 3
6 6
7 4
8 1
9 1
10 1
1 1
2 214
3 315
4 43
5 35
6 4
7 3
8 6
9 2
10 1
11 0
12 1
1 1
2 216
3 316
4 14
5 51
6 8
7 13
8 1
9 1
10 1
1 1
2 171
3 281
4 71
5 74
6 16
7 2
8 4
9 1
10 2
11 1
1 1
2 196
3 341
4 27
5 43
6 3
7 5
8 4
9 0
10 1
11 1
1 1
2 203
3 279
4 98
5 26
6 8
7 6
8 1
9 2
10 1
1 1
2 202
3 291
4 57
5 46
6 3
7 7
8 15
9 1
10 0
11 1
1 1
2 132
3 398
4 32
5 14
6 6
7 13
8 21
9 4
10 0
11 1
1 1
2 177
3 301
4 58
5 20
6 34
7 27
8 4
9 1
10 0
11 1
12 1
1 1
2 180
3 335
4 43
5 20
6 31
7 9
8 4
9 0
10 1
1 1
2 214
3 286
4 98
5 14
6 5
7 3
8 0
9 2
10 1
11 1
1 1
2 154
3 322
4 27
5 36
6 74
7 7
8 0
9 1
10 1
11 1
1 1
2 166
3 302
4 121
5 21
6 5
7 6
8 0
9 1
10 1
1 1
2 189
3 341
4 75
5 8
6 3
7 1
8 2
9 0
10 2
11 1
12 1
13 1
1 1
2 198
3 292
4 40
5 24
6 41
7 17
8 7
9 2
10 0
11 2
12 0
13 1
1 1
2 124
3 281
4 155
5 49
6 5
7 5
8 3
9 0
10 1
1 1
2 181
3 333
4 20
5 59
6 18
7 3
8 2
9 5
10 1
11 1
12 1
1 1
2 129
3 395
4 43
5 31
6 8
7 10
8 4
9 1
10 0
11 1
12 0
13 1
1 1
2 164
3 351
4 42
5 44
6 9
7 10
8 1
9 0
10 1
11 0
12 1
1 1
2 158
3 224
4 145
5 76
6 15
7 1
8 0
9 1
10 0
11 1
1 1
2 181
3 337
4 81
5 6
6 9
7 3
8 3
9 1
10 1
11 1
1 1
2 222
3 272
4 45
5 63
6 3
7 9
8 2
9 1
10 1
11 2
12 1
13 0
14 1
1 1
2 205
3 320
4 36
5 14
6 6
7 26
8 7
9 8
10 1
1 1
2 158
3 352
4 52
5 8
6 20
7 17
8 4
9 6
10 1
1 1
2 187
3 324
4 29
5 21
6 9
7 42
8 3
9 2
10 2
11 1
1 1
2 194
3 287
4 54
5 42
6 35
7 3
8 1
9 2
10 2
11 2
12 1
1 1
2 198
3 322
4 42
5 54
6 5
7 1
8 0
9 1
10 1
1 1
2 213
3 280
4 46
5 35
6 42
7 1
8 3
9 2
10 1
11 1
1 1
2 233
3 307
4 29
5 38
6 4
7 4
8 2
9 2
10 3
11 1
1 1
2 224
3 309
4 26
5 21
6 36
7 5
8 1
9 0
10 1
1 1
2 248
3 261
4 52
5 22
6 8
7 19
8 4
9 6
10 1
1 1
2 215
3 271
4 67
5 15
6 28
7 15
8 7
9 4
10 0
11 1
1 1
2 209
3 269
4 59
5 20
6 49
7 7
8 6
9 3
10 1
11 1
1 1
2 228
3 258
4 110
5 13
6 5
7 3
8 3
9 2
10 1
1 1
2 216
3 275
4 104
5 5
6 12
7 6
8 1
9 2
10 1
11 1
1 1
2 236
3 243
4 112
5 17
6 10
7 3
8 1
9 1
10 1
1 1
2 196
3 320
4 41
5 13
6 22
7 16
8 9
9 4
10 1
1 1
2 198
3 324
4 30
5 50
6 4
7 5
8 5
9 4
10 3
11 1
1 1
2 231
3 287
4 43
5 20
6 31
7 2
8 3
9 5
10 1
1 1
2 212
3 302
4 24
5 34
6 17
7 28
8 2
9 1
10 0
11 2
12 1
1 1
2 215
3 259
4 111
5 24
6 3
7 2
8 5
9 3
10 1
11 1
1 1
2 195
3 305
4 28
5 72
6 9
7 3
8 5
9 5
10 0
11 1
1 1
2 225
3 266
4 64
5 14
6 31
7 16
8 4
9 3
10 1
1 1
2 231
3 276
4 62
5 40
6 5
7 6
8 0
9 1
10 0
11 1
12 0
13 1
14 1
1 1
2 129
3 325
4 71
5 27
6 58
7 8
8 1
9 2
10 1
1 1
2 203
3 271
4 68
5 60
6 16
7 4
8 0
9 1
10 1
1 1
2 246
3 256
4 93
5 4
6 13
7 3
8 2
9 4
10 1
1 1
2 193
3 318
4 91
5 2
6 6
7 6
8 1
9 1
10 2
11 3
12 1
1 1
2 224
3 338
4 33
5 9
6 13
7 4
8 0
9 1
10 1
1 1
2 247
3 252
4 99
5 7
6 5
7 4
8 2
9 5
10 1
1 1
2 186
3 332
4 57
5 13
6 8
7 1
8 11
9 14
10 0
11 1
12 0
13 1
1 1
2 228
3 291
4 87
5 3
6 10
7 2
8 0
9 2
10 1
1 1
2 157
3 293
4 73
5 85
6 7
7 2
8 2
9 3
10 1
1 1
2 189
3 329
4 50
5 19
6 27
7 5
8 3
9 1
10 0
11 1
1 1
2 203
3 297
4 60
5 38
6 17
7 1
8 2
9 4
10 1
1 1
2 217
3 304
4 70
5 23
6 3
7 3
8 1
9 1
10 0
11 1
1 1
2 232
3 285
4 39
5 58
6 2
7 1
8 1
9 3
10 1
11 1
1 1
2 236
3 268
4 48
5 48
6 3
7 6
8 3
9 6
10 3
11 1
12 1
1 1
2 169
3 275
4 77
5 86
6 6
7 7
8 0
9 2
10 0
11 1
1 1
2 198
3 235
4 157
5 23
6 2
7 5
8 3
9 0
10 1
1 1
2 215
3 287
4 53
5 39
6 13
7 12
8 3
9 0
10 1
11 0
12 1
1 1
2 222
3 302
4 23
5 45
6 20
7 5
8 4
9 1
10 1
1 1
2 225
3 274
4 48
5 58
6 3
7 4
8 7
9 1
10 2
11 0
12 1
13 0
14 1
1 1
2 235
3 270
4 56
5 43
6 14
7 2
8 2
9 1
10 1
1 1
2 228
3 284
4 51
5 45
6 10
7 0
8 1
9 2
10 1
11 1
12 0
13 1
1 1
2 230
3 314
4 59
5 12
6 2
7 2
8 1
9 1
10 1
1 1
2 238
3 276
4 50
5 18
6 9
7 23
8 4
9 3
10 1
11 1
12 0
13 1
1 1
2 213
3 267
4 113
5 19
6 4
7 0
8 3
9 4
10 1
1 1
2 223
3 295
4 80
5 9
6 4
7 3
8 3
9 1
10 3
11 1
1 1
2 235
3 307
4 13
5 36
6 19
7 5
8 4
9 3
10 1
1 1
2 204
3 285
4 100
5 9
6 10
7 6
8 1
9 2
10 4
11 2
12 1
1 1
2 231
3 301
4 38
5 17
6 7
7 13
8 5
9 4
10 5
11 1
1 1
2 139
3 287
4 129
5 31
6 25
7 2
8 6
9 1
10 3
11 1
1 1
2 215
3 269
4 55
5 47
6 26
7 5
8 3
9 0
10 1
11 1
12 0
13 1
14 0
15 1
1 1
2 222
3 300
4 22
5 26
6 45
7 2
8 3
9 2
10 0
11 1
12 0
13 1
1 1
2 210
3 229
4 153
5 20
6 8
7 2
8 0
9 1
10 1
1 1
2 192
3 361
4 54
5 4
6 2
7 2
8 5
9 2
10 0
11 1
12 1
1 1
2 231
3 263
4 98
5 16
6 7
7 5
8 3
9 0
10 1
1 1
2 242
3 265
4 38
5 63
6 7
7 2
8 4
9 2
10 0
11 1
1 1
2 217
3 283
4 49
5 56
6 9
7 4
8 3
9 1
10 1
1 1
2 152
3 384
4 62
5 8
6 10
7 3
8 1
9 2
10 0
11 1
1 1
2 166
3 390
4 28
5 25
6 2
7 7
8 3
9 2
10 0
11 1
1 1
2 232
3 263
4 106
5 15
6 2
7 1
8 2
9 0
10 1
1 1
2 222
3 279
4 95
5 18
6 4
7 2
8 0
9 1
10 1
1 1
2 234
3 276
4 87
5 13
6 9
7 1
8 2
9 1
10 1
1 1
2 191
3 317
4 78
5 19
6 5
7 6
8 5
9 1
10 1
11 1
1 1
2 237
3 262
4 59
5 50
6 11
7 1
8 0
9 2
10 0
11 1
1 1
2 144
3 355
4 65
5 16
6 9
7 30
8 2
9 0
10 1
11 0
12 1
1 1
2 249
3 296
4 16
5 21
6 23
7 10
8 5
9 3
10 1
1 1
2 233
3 256
4 63
5 49
6 11
7 8
8 0
9 1
10 1
11 1
12 0
13 1
1 1
2 203
3 312
4 28
5 49
6 26
7 3
8 1
9 1
10 1
1 1
2 203
3 269
4 111
5 33
6 3
7 2
8 1
9 1
10 1
1 1
2 236
3 300
4 43
5 6
6 16
7 19
8 1
9 0
10 1
1 1
2 190
3 311
4 55
5 24
6 31
7 7
8 1
9 1
10 2
11 0
12 1
13 0
14 1
1 1
2 242
3 280
4 26
5 60
6 7
7 5
8 1
9 1
10 1
11 0
12 1
1 1
2 229
3 276
4 48
5 23
6 33
7 4
8 5
9 5
10 1
1 1
2 226
3 304
4 33
5 31
6 16
7 4
8 6
9 3
10 0
11 1
1 1
2 234
3 316
4 54
5 5
6 5
7 4
8 2
9 1
10 1
1 1
2 226
3 320
4 56
5 4
6 8
7 2
8 5
9 1
10 0
11 1
1 1
2 214
3 299
4 92
5 6
6 7
7 2
8 2
9 0
10 1
1 1
2 230
3 275
4 54
5 51
6 1
7 5
8 6
9 0
10 1
1 1
2 207
3 273
4 71
5 60
6 8
7 2
8 1
9 0
10 1
1 1
2 208
3 259
4 75
5 71
6 5
7 2
8 1
9 1
10 0
11 1
12 1
1 1
2 177
3 362
4 37
5 35
6 2
7 3
8 3
9 4
10 1
1 1
2 211
3 325
4 55
5 22
6 3
7 4
8 3
9 0
10 1
1 1
2 162
3 325
4 65
5 19
6 16
7 14
8 12
9 9
10 1
1 1
2 154
3 332
4 22
5 94
6 10
7 1
8 5
9 2
10 2
11 1
1 1
2 235
3 308
4 19
5 33
6 17
7 5
8 2
9 1
10 1
1 1
2 244
3 290
4 60
5 16
6 8
7 2
8 1
9 1
10 1
1 1
2 196
3 332
4 63
5 13
6 6
7 8
8 2
9 0
10 1
11 0
12 1
13 1
1 1
2 217
3 260
4 114
5 18
6 0
7 1
8 4
9 8
10 1
1 1
2 209
3 290
4 91
5 17
6 6
7 7
8 2
9 0
10 1
1 1
2 237
3 264
4 88
5 22
6 6
7 2
8 2
9 1
10 1
11 1
1 1
2 230
3 276
4 51
5 14
6 31
7 13
8 3
9 2
10 0
11 2
12 1
13 1
1 1
2 212
3 314
4 25
5 48
6 7
7 9
8 2
9 0
10 3
11 2
12 1
1 1
2 234
3 277
4 48
5 42
6 7
7 6
8 3
9 4
10 2
11 1
1 1
2 188
3 264
4 88
5 55
6 17
7 7
8 2
9 1
10 1
1 1
2 155
3 360
4 21
5 62
6 10
7 6
8 2
9 2
10 5
11 1
1 1
2 179
3 324
4 17
5 76
6 24
7 0
8 1
9 0
10 1
11 1
12 0
13 1
1 1
2 238
3 297
4 28
5 24
6 5
7 14
8 10
9 3
10 3
11 1
12 1
1 1
2 229
3 255
4 64
5 50
6 18
7 1
8 1
9 2
10 1
11 1
1 1
2 232
3 296
4 28
5 34
6 15
7 3
8 9
9 3
10 2
11 1
12 1
1 1
2 186
3 297
4 60
5 34
6 41
7 1
8 1
9 2
10 1
11 1
1 1
2 202
3 321
4 40
5 19
6 34
7 3
8 0
9 1
10 2
11 1
1 1
2 224
3 307
4 41
5 9
6 18
7 10
8 11
9 3
10 0
11 1
1 1
2 228
3 297
4 20
5 59
6 5
7 2
8 6
9 3
10 2
11 1
12 1
1 1
2 183
3 373
4 37
5 9
6 15
7 2
8 2
9 0
10 2
11 0
12 1
1 1
2 222
3 319
4 18
5 13
6 34
7 8
8 7
9 2
10 0
11 1
1 1
2 257
3 255
4 66
5 33
6 5
7 1
8 1
9 3
10 1
11 1
1 1
2 200
3 316
4 25
5 52
6 22
7 1
8 2
9 2
10 1
11 2
12 1
1 1
2 193
3 245
4 115
5 59
6 5
7 2
8 0
9 4
10 1
1 1
2 220
3 318
4 33
5 23
6 23
7 4
8 0
9 1
10 0
11 1
1 1
2 189
3 257
4 99
5 59
6 15
7 1
8 0
9 2
10 1
11 1
1 1
2 259
3 260
4 85
5 14
6 2
7 0
8 2
9 0
10 1
1 1
2 232
3 266
4 63
5 41
6 6
7 4
8 7
9 2
10 1
1 1
2 229
3 255
4 55
5 43
6 30
7 5
8 2
9 2
10 1
1 1
2 194
3 339
4 35
5 28
6 22
7 1
8 0
9 1
10 1
11 1
1 1
2 204
3 331
4 27
5 14
6 9
7 22
8 8
9 3
10 4
11 1
1 1
2 225
3 264
4 58
5 64
6 5
7 4
8 1
9 1
10 0
11 1
1 1
2 230
3 308
4 18
5 20
6 28
7 6
8 12
9 1
10 1
1 1
2 208
3 298
4 97
5 11
6 1
7 1
8 2
9 2
10 0
11 2
12 0
13 1
1 1
2 236
3 267
4 61
5 44
6 11
7 3
8 1
9 0
10 1
1 1
2 233
3 305
4 17
5 31
6 10
7 13
8 4
9 7
10 0
11 1
12 1
13 0
14 1
15 1
1 1
2 236
3 265
4 95
5 8
6 9
7 2
8 1
9 3
10 1
1 1
2 220
3 249
4 122
5 15
6 8
7 0
8 2
9 5
10 2
11 0
12 1
1 1
2 227
3 291
4 30
5 19
6 35
7 14
8 3
9 0
10 1
11 2
12 1
1 1
2 179
3 353
4 60
5 9
6 13
7 3
8 1
9 2
10 1
11 2
12 1
1 1
2 193
3 273
4 122
5 22
6 3
7 5
8 2
9 0
10 3
11 1
1 1
2 240
3 283
4 76
5 5
6 6
7 4
8 5
9 3
10 1
11 0
12 1
1 1
2 231
3 269
4 56
5 59
6 5
7 1
8 1
9 1
10 1
1 1
2 206
3 341
4 55
5 5
6 8
7 4
8 1
9 2
10 0
11 1
12 1
1 1
2 215
3 285
4 54
5 15
6 39
7 9
8 4
9 1
10 1
11 1
1 1
2 221
3 253
4 64
5 50
6 29
7 3
8 2
9 1
10 1
1 1
2 223
3 250
4 115
5 18
6 11
7 0
8 1
9 2
10 3
11 0
12 1
1 1
2 193
3 253
4 86
5 28
6 54
7 6
8 3
9 0
10 1
1 1
2 168
3 353
4 49
5 21
6 21
7 3
8 2
9 4
10 1
11 1
1 1
2 224
3 316
4 21
5 52
6 4
7 1
8 3
9 1
10 1
1 1
2 250
3 271
4 70
5 15
6 10
7 2
8 1
9 1
10 3
11 1
1 1
2 233
3 274
4 52
5 51
6 5
7 4
8 3
9 0
10 1
1 1
2 210
3 282
4 60
5 62
6 6
7 1
8 1
9 0
10 1
1 1
2 176
3 338
4 18
5 51
6 18
7 17
8 4
9 0
10 1
11 1
1 1
2 182
3 344
4 76
5 5
6 3
7 3
8 1
9 3
10 4
11 1
1 1
2 238
3 300
4 56
5 18
6 0
7 1
8 4
9 4
10 1
11 1
1 1
2 214
3 280
4 55
5 52
6 8
7 4
8 3
9 2
10 1
11 2
12 0
13 1
14 0
15 1
16 1
1 1
2 189
3 312
4 49
5 54
6 3
7 10
8 3
9 3
10 1
1 1
2 226
3 264
4 104
5 10
6 8
7 2
8 6
9 1
10 0
11 1
1 1
2 240
3 295
4 28
5 17
6 3
7 17
8 13
9 7
10 1
11 1
1 1
2 177
3 352
4 36
5 39
6 4
7 4
8 4
9 5
10 1
1 1
2 254
3 248
4 90
5 13
6 8
7 1
8 3
9 5
10 1
11 0
12 1
1 1
2 227
3 274
4 93
5 13
6 6
7 3
8 1
9 5
10 0
11 1
12 0
13 1
1 1
2 230
3 271
4 73
5 28
6 6
7 11
8 3
9 0
10 1
1 1
2 229
3 272
4 67
5 43
6 2
7 3
8 4
9 1
10 0
11 1
12 1
13 1
1 1
2 237
3 315
4 14
5 28
6 16
7 5
8 5
9 2
10 1
1 1
2 242
3 269
4 70
5 30
6 5
7 3
8 2
9 2
10 1
1 1
2 217
3 309
4 35
5 39
6 3
7 5
8 12
9 0
10 1
11 0
12 1
13 1
1 1
2 143
3 338
4 91
5 28
6 11
7 4
8 4
9 3
10 1
1 1
2 222
3 304
4 24
5 33
6 19
7 13
8 1
9 6
10 1
11 1
1 1
2 197
3 274
4 76
5 64
6 6
7 4
8 1
9 1
10 0
11 1
1 1
2 262
3 274
4 44
5 9
6 27
7 1
8 1
9 4
10 1
11 1
1 1
2 222
3 320
4 24
5 14
6 32
7 2
8 1
9 2
10 5
11 1
1 1
2 145
3 381
4 61
5 26
6 8
7 0
8 2
9 0
10 1
1 1
2 231
3 295
4 75
5 5
6 9
7 4
8 0
9 3
10 1
11 1
1 1
2 190
3 339
4 23
5 51
6 11
7 6
8 2
9 0
10 1
1 1
2 223
3 278
4 40
5 65
6 4
7 1
8 4
9 6
10 1
1 1
2 193
3 304
4 55
5 47
6 8
7 9
8 1
9 1
10 2
11 1
12 2
13 1
1 1
2 151
3 344
4 50
5 49
6 4
7 15
8 7
9 1
10 2
11 1
1 1
2 227
3 318
4 54
5 6
6 5
7 6
8 2
9 4
10 1
11 1
1 1
2 206
3 318
4 42
5 35
6 15
7 2
8 2
9 2
10 1
11 1
1 1
2 227
3 257
4 44
5 72
6 11
7 2
8 3
9 3
10 4
11 0
12 1
1 1
2 221
3 263
4 57
5 63
6 13
7 2
8 2
9 0
10 1
11 1
1 1
2 238
3 258
4 101
5 8
6 5
7 0
8 5
9 5
10 1
1 1
2 215
3 319
4 69
5 6
6 5
7 5
8 3
9 0
10 1
1 1
2 174
3 268
4 76
5 28
6 56
7 8
8 13
9 0
10 1
1 1
2 167
3 323
4 55
5 63
6 5
7 6
8 3
9 1
10 1
1 1
2 220
3 326
4 41
5 20
6 5
7 6
8 5
9 0
10 1
1 1
2 220
3 277
4 93
5 11
6 12
7 2
8 3
9 3
10 1
1 1
2 232
3 317
4 22
5 26
6 16
7 6
8 3
9 0
10 1
11 1
1 1
2 150
3 373
4 33
5 44
6 6
7 10
8 3
9 0
10 1
11 0
12 3
13 1
1 1
2 231
3 265
4 104
5 11
6 2
7 2
8 5
9 1
10 1
1 1
2 231
3 284
4 77
5 16
6 8
7 4
8 1
9 0
10 1
1 1
2 229
3 264
4 105
5 9
6 1
7 5
8 7
9 2
10 1
1 1
2 213
3 353
4 25
5 11
6 12
7 3
8 5
9 1
10 1
1 1
2 218
3 324
4 23
5 12
6 10
7 21
8 8
9 6
10 1
1 1
2 141
3 336
4 67
5 28
6 44
7 3
8 2
9 1
10 1
1 1
2 240
3 285
4 62
5 4
6 16
7 9
8 3
9 0
10 1
11 0
12 1
1 1
2 260
3 245
4 83
5 17
6 12
7 4
8 2
9 0
10 1
1 1
2 225
3 263
4 74
5 28
6 21
7 3
8 3
9 5
10 1
1 1
2 209
3 288
4 53
5 30
6 34
7 4
8 1
9 0
10 3
11 1
1 1
2 252
3 237
4 103
5 18
6 5
7 3
8 5
9 0
10 1
1 1
2 217
3 272
4 100
5 9
6 11
7 8
8 2
9 1
10 2
11 1
1 1
2 194
3 257
4 147
5 12
6 2
7 5
8 1
9 1
10 1
11 3
12 1
1 1
2 221
3 293
4 35
5 61
6 6
7 1
8 2
9 4
10 1
1 1
2 237
3 254
4 63
5 35
6 25
7 4
8 1
9 2
10 2
11 0
12 1
1 1
2 186
3 313
4 20
5 45
6 50
7 4
8 1
9 1
10 3
11 1
1 1
2 221
3 321
4 26
5 18
6 24
7 8
8 4
9 1
10 1
1 1
2 225
3 271
4 52
5 52
6 9
7 7
8 1
9 4
10 2
11 1
1 1
2 194
3 303
4 47
5 61
6 6
7 5
8 3
9 1
10 0
11 1
12 1
13 0
14 1
1 1
2 220
3 290
4 54
5 49
6 6
7 2
8 0
9 1
10 1
1 1
2 217
3 308
4 45
5 13
6 21
7 13
8 6
9 0
10 1
1 1
2 239
3 299
4 63
5 11
6 2
7 3
8 3
9 3
10 1
1 1
2 245
3 298
4 23
5 15
6 30
7 7
8 1
9 1
10 0
11 1
12 0
13 2
14 0
15 1
1 1
2 201
3 329
4 41
5 36
6 3
7 5
8 4
9 2
10 1
11 1
1 1
2 239
3 269
4 47
5 22
6 31
7 2
8 2
9 5
10 5
11 1
12 0
13 1
1 1
2 237
3 261
4 82
5 18
6 2
7 8
8 12
9 2
10 1
1 1
2 160
3 374
4 65
5 16
6 0
7 1
8 0
9 3
10 2
11 1
1 1
2 210
3 333
4 45
5 15
6 11
7 4
8 2
9 0
10 1
11 1
1 1
2 215
3 275
4 64
5 55
6 2
7 6
8 4
9 1
10 0
11 1
1 1
2 206
3 324
4 22
5 58
6 4
7 4
8 2
9 2
10 1
1 1
2 225
3 246
4 47
5 83
6 13
7 2
8 2
9 3
10 0
11 1
1 1
2 229
3 295
4 27
5 37
6 15
7 11
8 8
9 1
10 1
1 1
2 224
3 294
4 39
5 27
6 8
7 22
8 4
9 1
10 1
11 1
1 1
2 158
3 245
4 185
5 22
6 4
7 4
8 1
9 3
10 1
11 0
12 1
1 1
2 220
3 246
4 78
5 59
6 7
7 2
8 6
9 5
10 1
1 1
2 156
3 328
4 42
5 72
6 10
7 10
8 3
9 0
10 1
11 1
12 1
1 1
2 203
3 305
4 39
5 14
6 37
7 23
8 2
9 0
10 1
1 1
2 214
3 279
4 53
5 28
6 41
7 3
8 1
9 2
10 1
1 1
2 245
3 286
4 35
5 44
6 6
7 3
8 3
9 1
10 0
11 1
1 1
2 217
3 318
4 41
5 20
6 17
7 3
8 4
9 3
10 1
1 1
2 216
3 268
4 105
5 9
6 9
7 7
8 1
9 2
10 2
11 3
12 1
1 1
2 126
3 404
4 66
5 2
6 10
7 10
8 1
9 2
10 1
1 1
2 228
3 330
4 21
5 21
6 3
7 5
8 4
9 6
10 3
11 1
12 1
1 1
2 219
3 298
4 28
5 18
6 11
7 34
8 5
9 4
10 5
11 1
12 1
1 1
2 213
3 252
4 61
5 72
6 15
7 7
8 2
9 0
10 1
1 1
2 196
3 293
4 109
5 14
6 5
7 3
8 1
9 1
10 1
1 1
2 254
3 296
4 18
5 39
6 6
7 5
8 2
9 2
10 0
11 1
12 1
1 1
2 187
3 275
4 69
5 27
6 57
7 5
8 0
9 1
10 1
11 1
1 1
2 247
3 287
4 17
5 54
6 13
7 0
8 1
9 0
10 1
11 0
12 1
1 1
2 208
3 318
4 27
5 55
6 8
7 3
8 2
9 1
10 1
1 1
2 223
3 287
4 86
5 18
6 2
7 4
8 2
9 0
10 1
11 1
1 1
2 222
3 256
4 85
5 40
6 13
7 6
8 1
9 0
10 1
1 1
2 146
3 387
4 74
5 5
6 1
7 1
8 4
9 2
10 1
1 1
2 228
3 311
4 32
5 16
6 24
7 4
8 1
9 5
10 1
11 1
1 1
2 220
3 274
4 63
5 23
6 31
7 2
8 1
9 4
10 3
11 2
12 1
1 1
2 231
3 273
4 93
5 8
6 4
7 11
8 3
9 0
10 1
1 1
2 175
3 284
4 80
5 68
6 13
7 0
8 2
9 1
10 0
11 1
1 1
2 218
3 272
4 55
5 65
6 7
7 3
8 1
9 1
10 1
11 1
1 1
2 218
3 256
4 54
5 80
6 9
7 3
8 1
9 1
10 1
11 1
1 1
2 205
3 308
4 29
5 22
6 15
7 38
8 4
9 1
10 1
1 1
2 194
3 318
4 33
5 22
6 10
7 31
8 10
9 2
10 2
11 1
12 1
1 1
2 217
3 292
4 44
5 25
6 32
7 8
8 5
9 0
10 1
1 1
2 221
3 288
4 77
5 26
6 6
7 3
8 0
9 1
10 1
11 0
12 1
1 1
2 222
3 275
4 85
5 30
6 6
7 3
8 1
9 0
10 1
1 1
2 225
3 307
4 28
5 53
6 3
7 1
8 0
9 3
10 0
11 1
1 1
2 209
3 332
4 30
5 14
6 28
7 6
8 2
9 1
10 1
11 0
12 1
1 1
2 260
3 248
4 72
5 35
6 1
7 2
8 0
9 2
10 0
11 2
12 1
13 1
1 1
2 153
3 332
4 65
5 27
6 11
7 24
8 7
9 2
10 2
11 0
12 1
1 1
2 204
3 228
4 158
5 23
6 4
7 3
8 0
9 1
10 0
11 1
12 1
1 1
2 226
3 294
4 20
5 56
6 7
7 7
8 5
9 5
10 2
11 1
1 1
2 181
3 361
4 43
5 1
6 19
7 10
8 1
9 2
10 3
11 1
12 1
13 1
1 1
2 219
3 297
4 44
5 18
6 33
7 1
8 4
9 5
10 0
11 1
12 1
13 0
14 1
1 1
2 218
3 301
4 23
5 59
6 11
7 8
8 1
9 1
10 0
11 1
1 1
2 236
3 304
4 21
5 14
6 15
7 20
8 8
9 3
10 1
11 1
12 1
1 1
2 191
3 333
4 80
5 9
6 3
7 3
8 0
9 3
10 1
1 1
2 224
3 338
4 37
5 7
6 2
7 2
8 4
9 5
10 1
11 1
1 1
2 213
3 305
4 43
5 11
6 38
7 4
8 3
9 3
10 1
1 1
2 205
3 323
4 17
5 35
6 28
7 11
8 2
9 0
10 1
11 0
12 1
1 1
2 218
3 307
4 35
5 19
6 4
7 20
8 5
9 8
10 6
11 1
1 1
2 208
3 318
4 41
5 22
6 17
7 8
8 1
9 1
10 4
11 1
1 1
2 229
3 299
4 48
5 19
6 20
7 4
8 4
9 0
10 1
1 1
2 210
3 282
4 110
5 4
6 4
7 4
8 3
9 2
10 1
1 1
2 252
3 292
4 22
5 15
6 6
7 20
8 10
9 2
10 1
11 1
1 1
2 224
3 277
4 45
5 13
6 31
7 24
8 3
9 3
10 2
11 1
12 1
1 1
2 161
3 302
4 133
5 8
6 9
7 5
8 0
9 1
10 4
11 1
1 1
2 212
3 283
4 106
5 6
6 6
7 7
8 2
9 0
10 1
1 1
2 201
3 331
4 48
5 39
6 1
7 1
8 1
9 0
10 1
1 1
2 184
3 289
4 105
5 35
6 3
7 3
8 2
9 1
10 1
1 1
2 223
3 266
4 85
5 24
6 14
7 1
8 3
9 3
10 1
11 0
12 2
13 0
14 1
1 1
2 206
3 331
4 32
5 20
6 20
7 9
8 2
9 1
10 1
11 1
12 1
1 1
2 227
3 320
4 20
5 44
6 4
7 3
8 2
9 0
10 2
11 1
1 1
2 227
3 330
4 28
5 16
6 10
7 8
8 3
9 1
10 0
11 1
1 1
2 220
3 308
4 26
5 34
6 19
7 12
8 2
9 1
10 1
11 0
12 1
1 1
2 209
3 281
4 55
5 63
6 8
7 1
8 2
9 1
10 0
11 1
1 1
2 228
3 307
4 25
5 42
6 11
7 5
8 3
9 0
10 1
11 0
12 1
13 1
1 1
2 249
3 274
4 46
5 25
6 19
7 5
8 3
9 1
10 0
11 1
1 1
2 235
3 288
4 27
5 52
6 9
7 7
8 2
9 1
10 1
11 1
1 1
2 160
3 240
4 136
5 67
6 15
7 3
8 0
9 1
10 1
11 1
1 1
2 176
3 287
4 113
5 39
6 3
7 1
8 1
9 1
10 1
1 1
2 241
3 278
4 68
5 17
6 4
7 8
8 5
9 1
10 1
11 1
1 1
2 135
3 390
4 28
5 57
6 4
7 3
8 1
9 2
10 1
11 2
12 1
1 1
2 214
3 289
4 51
5 47
6 11
7 7
8 3
9 1
10 0
11 1
1 1
2 214
3 319
4 36
5 17
6 4
7 23
8 6
9 1
10 2
11 1
1 1
2 238
3 289
4 27
5 25
6 20
7 14
8 6
9 3
10 1
1 1
2 185
3 338
4 46
5 24
6 20
7 7
8 2
9 1
10 1
1 1
2 215
3 342
4 35
5 17
6 5
7 3
8 5
9 1
10 1
1 1
2 206
3 340
4 24
5 10
6 18
7 21
8 2
9 0
10 1
11 1
1 1
2 217
3 257
4 117
5 18
6 2
7 3
8 5
9 2
10 1
1 1
2 209
3 269
4 117
5 6
6 8
7 8
8 4
9 1
10 1
11 1
1 1
2 244
3 292
4 20
5 43
6 21
7 1
8 1
9 1
10 0
11 1
1 1
2 176
3 279
4 128
5 27
6 8
7 1
8 1
9 2
10 1
1 1
2 224
3 270
4 75
5 42
6 4
7 4
8 1
9 2
10 1
1 1
2 236
3 254
4 52
5 65
6 2
7 1
8 1
9 5
10 4
11 1
1 1
2 250
3 267
4 42
5 28
6 27
7 1
8 4
9 3
10 1
1 1
2 249
3 254
4 52
5 56
6 5
7 2
8 1
9 1
10 0
11 1
12 1
1 1
2 250
3 288
4 27
5 43
6 5
7 5
8 1
9 2
10 1
1 1
2 244
3 302
4 23
5 27
6 10
7 7
8 6
9 3
10 1
1 1
2 187
3 312
4 41
5 24
6 43
7 5
8 5
9 5
10 0
11 1
1 1
2 235
3 285
4 73
5 17
6 1
7 2
8 6
9 1
10 2
11 1
1 1
2 215
3 309
4 28
5 27
6 27
7 6
8 4
9 2
10 1
11 1
12 2
13 1
14 0
15 1
1 1
2 225
3 281
4 61
5 18
6 6
7 19
8 7
9 4
10 1
1 1
2 221
3 227
4 146
5 15
6 6
7 1
8 0
9 3
10 1
1 1
2 208
3 294
4 28
5 68
6 9
7 8
8 0
9 2
10 4
11 1
1 1
2 229
3 310
4 59
5 14
6 8
7 1
8 1
9 1
10 1
1 1
2 187
3 291
4 126
5 10
6 3
7 3
8 1
9 1
10 1
1 1
2 249
3 254
4 103
5 5
6 2
7 3
8 2
9 1
10 2
11 1
1 1
2 225
3 331
4 23
5 13
6 10
7 9
8 8
9 2
10 0
11 1
1 1
2 206
3 324
4 74
5 5
6 5
7 4
8 1
9 1
10 1
1 1
2 225
3 263
4 108
5 16
6 3
7 1
8 5
9 1
10 0
11 1
12 1
1 1
2 240
3 299
4 29
5 42
6 8
7 2
8 1
9 1
10 1
11 1
1 1
2 240
3 267
4 89
5 10
6 13
7 3
8 1
9 0
10 1
1 1
2 201
3 269
4 123
5 6
6 9
7 3
8 10
9 2
10 1
1 1
2 217
3 296
4 28
5 63
6 5
7 4
8 5
9 4
10 1
1 1
2 218
3 271
4 47
5 26
6 49
7 4
8 1
9 5
10 2
11 1
1 1
2 245
3 280
4 45
5 37
6 1
7 7
8 5
9 1
10 1
1 1
2 185
3 344
4 27
5 41
6 20
7 2
8 1
9 3
10 1
1 1
2 209
3 273
4 117
5 8
6 8
7 1
8 3
9 4
10 1
1 1
2 226
3 293
4 77
5 6
6 10
7 2
8 7
9 1
10 1
1 1
2 200
3 324
4 66
5 23
6 8
7 1
8 1
9 0
10 1
1 1
2 246
3 268
4 71
5 22
6 4
7 4
8 6
9 2
10 0
11 1
1 1
2 209
3 274
4 55
5 45
6 29
7 3
8 3
9 3
10 1
11 0
12 1
1 1
2 221
3 263
4 116
5 8
6 6
7 3
8 1
9 1
10 3
11 1
1 1
2 249
3 319
4 20
5 8
6 11
7 3
8 6
9 4
10 1
1 1
2 222
3 248
4 120
5 25
6 3
7 3
8 1
9 0
10 1
11 1
1 1
2 243
3 315
4 28
5 22
6 9
7 5
8 1
9 0
10 1
1 1
2 229
3 270
4 59
5 40
6 5
7 14
8 4
9 1
10 1
11 0
12 1
1 1
2 226
3 304
4 60
5 8
6 11
7 4
8 1
9 2
10 3
11 1
1 1
2 237
3 317
4 21
5 12
6 9
7 19
8 6
9 1
10 1
1 1
2 157
3 285
4 87
5 17
6 59
7 11
8 7
9 0
10 1
1 1
2 232
3 269
4 99
5 3
6 9
7 5
8 4
9 1
10 1
1 1
2 209
3 340
4 51
5 9
6 7
7 3
8 2
9 0
10 1
11 1
12 1
1 1
2 234
3 240
4 111
5 21
6 7
7 1
8 2
9 6
10 1
1 1
2 231
3 290
4 51
5 11
6 23
7 12
8 3
9 1
10 1
1 1
2 169
3 371
4 61
5 5
6 10
7 2
8 1
9 1
10 1
11 1
1 1
2 155
3 322
4 118
5 13
6 9
7 1
8 1
9 2
10 1
11 0
12 1
1 1
2 213
3 294
4 71
5 16
6 22
7 1
8 2
9 1
10 1
11 1
12 1
1 1
2 219
3 302
4 40
5 16
6 22
7 18
8 3
9 1
10 1
1 1
2 205
3 279
4 111
5 7
6 9
7 6
8 3
9 2
10 0
11 1
12 1
1 1
2 212
3 340
4 28
5 26
6 7
7 1
8 1
9 1
10 1
11 4
12 1
13 1
14 0
15 1
1 1
2 229
3 273
4 94
5 7
6 6
7 3
8 3
9 1
10 4
11 2
12 1
1 1
2 220
3 277
4 94
5 8
6 16
7 3
8 0
9 2
10 0
11 1
12 1
13 1
1 1
2 202
3 263
4 121
5 22
6 4
7 2
8 1
9 2
10 3
11 1
1 1
2 190
3 313
4 46
5 32
6 28
7 7
8 1
9 1
10 1
11 4
12 0
13 1
1 1
2 205
3 278
4 39
5 82
6 5
7 5
8 1
9 1
10 3
11 4
12 1
1 1
2 199
3 309
4 71
5 24
6 18
7 1
8 0
9 1
10 1
1 1
2 222
3 246
4 74
5 19
6 53
7 7
8 2
9 0
10 1
1 1
2 205
3 227
4 67
5 68
6 40
7 12
8 3
9 1
10 1
1 1
2 233
3 286
4 39
5 19
6 9
7 19
8 14
9 2
10 1
1 1
2 223
3 264
4 56
5 57
6 5
7 6
8 7
9 5
10 1
1 1
2 142
3 302
4 84
5 82
6 1
7 2
8 4
9 4
10 1
11 1
12 1
1 1
2 216
3 316
4 74
5 3
6 2
7 6
8 5
9 0
10 1
1 1
2 200
3 334
4 59
5 16
6 11
7 2
8 0
9 1
10 1
1 1
2 216
3 266
4 46
5 27
6 52
7 10
8 5
9 1
10 1
1 1
2 195
3 311
4 61
5 31
6 21
7 2
8 0
9 1
10 0
11 1
1 1
2 243
3 251
4 59
5 55
6 3
7 4
8 4
9 3
10 1
1 1
2 227
3 253
4 115
5 15
6 2
7 3
8 1
9 3
10 1
1 1
2 194
3 353
4 37
5 23
6 6
7 7
8 1
9 1
10 1
11 1
1 1
2 224
3 266
4 63
5 53
6 10
7 2
8 2
9 3
10 0
11 1
1 1
2 247
3 260
4 37
5 45
6 28
7 3
8 0
9 2
10 1
11 1
1 1
2 161
3 370
4 29
5 25
6 32
7 3
8 2
9 0
10 1
1 1
2 242
3 288
4 18
5 56
6 11
7 5
8 1
9 1
10 0
11 1
1 1
2 235
3 294
4 38
5 22
6 21
7 10
8 2
9 0
10 1
1 1
2 198
3 318
4 51
5 21
6 25
7 5
8 2
9 2
10 1
11 0
12 1
1 1
2 207
3 310
4 43
5 17
6 11
7 29
8 2
9 2
10 2
11 1
1 1
2 217
3 273
4 64
5 62
6 1
7 2
8 2
9 2
10 0
11 1
1 1
2 215
3 327
4 29
5 14
6 18
7 15
8 2
9 2
10 1
11 1
1 1
2 180
3 298
4 30
5 48
6 60
7 0
8 1
9 2
10 2
11 1
1 1
2 198
3 328
4 22
5 54
6 10
7 9
8 0
9 1
10 1
1 1
2 190
3 357
4 49
5 9
6 3
7 11
8 4
9 0
10 1
1 1
2 243
3 289
4 20
5 52
6 5
7 11
8 3
9 0
10 1
1 1
2 237
3 295
4 20
5 52
6 6
7 3
8 2
9 2
10 3
11 1
1 1
2 231
3 265
4 95
5 21
6 5
7 1
8 2
9 2
10 1
1 1
2 232
3 311
4 29
5 39
6 7
7 4
8 1
9 0
10 1
1 1
2 196
3 258
4 77
5 30
6 53
7 7
8 1
9 1
10 1
1 1
2 122
3 426
4 48
5 7
6 5
7 3
8 7
9 2
10 0
11 1
12 1
1 1
2 222
3 280
4 75
5 36
6 3
7 3
8 2
9 2
10 0
11 1
1 1
2 216
3 315
4 34
5 14
6 23
7 12
8 1
9 2
10 2
11 2
12 1
1 1
2 227
3 261
4 108
5 12
6 10
7 3
8 1
9 0
10 1
11 0
12 1
1 1
2 206
3 233
4 154
5 16
6 6
7 6
8 1
9 0
10 1
1 1
2 207
3 254
4 85
5 70
6 4
7 0
8 1
9 0
10 2
11 1
1 1
2 219
3 262
4 114
5 14
6 3
7 1
8 3
9 6
10 1
1 1
2 235
3 259
4 99
5 15
6 10
7 3
8 0
9 1
10 0
11 1
1 1
2 236
3 269
4 53
5 47
6 13
7 1
8 2
9 0
10 1
1 1
2 220
3 345
4 19
5 12
6 19
7 3
8 2
9 1
10 1
11 1
1 1
2 218
3 314
4 27
5 44
6 10
7 6
8 1
9 1
10 1
1 1
2 226
3 286
4 51
5 12
6 23
7 15
8 5
9 3
10 1
1 1
2 231
3 312
4 28
5 31
6 11
7 7
8 1
9 1
10 1
11 1
1 1
2 237
3 249
4 98
5 15
6 9
7 8
8 0
9 3
10 4
11 1
1 1
2 109
3 431
4 34
5 9
6 27
7 12
8 0
9 1
10 1
1 1
2 169
3 270
4 79
5 89
6 14
7 0
8 1
9 0
10 1
11 1
1 1
2 212
3 278
4 104
5 16
6 5
7 1
8 4
9 3
10 1
1 1
2 256
3 249
4 81
5 14
6 3
7 11
8 8
9 1
10 0
11 1
1 1
2 203
3 279
4 59
5 68
6 4
7 0
8 2
9 1
10 5
11 1
1 1
2 241
3 266
4 49
5 24
6 36
7 4
8 0
9 1
10 1
11 1
12 1
1 1
2 214
3 278
4 55
5 58
6 3
7 3
8 4
9 5
10 1
11 1
1 1
2 211
3 307
4 31
5 61
6 8
7 2
8 1
9 2
10 1
1 1
2 225
3 272
4 53
5 55
6 5
7 2
8 4
9 2
10 3
11 1
1 1
2 220
3 293
4 68
5 30
6 3
7 6
8 1
9 0
10 1
11 1
1 1
2 221
3 301
4 67
5 19
6 10
7 2
8 1
9 1
10 0
11 1
1 1
2 195
3 346
4 33
5 22
6 16
7 7
8 2
9 0
10 2
11 0
12 1
1 1
2 174
3 320
4 28
5 58
6 27
7 10
8 2
9 1
10 2
11 1
12 1
1 1
2 217
3 283
4 91
5 10
6 5
7 3
8 5
9 5
10 1
1 1
2 173
3 260
4 80
5 87
6 6
7 7
8 7
9 3
10 1
1 1
2 138
3 351
4 39
5 77
6 5
7 5
8 3
9 4
10 0
11 1
12 1
1 1
2 241
3 296
4 22
5 42
6 12
7 4
8 1
9 2
10 0
11 1
12 0
13 1
14 1
1 1
2 222
3 287
4 43
5 49
6 12
7 4
8 2
9 1
10 1
1 1
2 228
3 258
4 65
5 57
6 11
7 2
8 1
9 1
10 1
1 1
2 220
3 294
4 87
5 7
6 7
7 2
8 1
9 0
10 2
11 3
12 1
