0.300000 1.000000 2.000000 0.100000
0.300000 1.000000 2.000000 0.200000
0.300000 1.000000 2.000000 0.500000
0.300000 1.000000 2.000000 0.700000
0.300000 1.000000 3.000000 0.100000
0.300000 1.000000 3.000000 0.200000
0.300000 1.000000 3.000000 0.500000
0.300000 1.000000 3.000000 0.700000
0.300000 1.500000 2.000000 0.100000
0.300000 1.500000 2.000000 0.200000
0.300000 1.500000 2.000000 0.500000
0.300000 1.500000 2.000000 0.700000
0.300000 1.500000 3.000000 0.100000
0.300000 1.500000 3.000000 0.200000
0.300000 1.500000 3.000000 0.500000
0.300000 1.500000 3.000000 0.700000
0.300000 2.000000 2.000000 0.100000
0.300000 2.000000 2.000000 0.200000
0.300000 2.000000 3.000000 0.100000
0.300000 2.000000 3.000000 0.200000
0.300000 2.000000 3.000000 0.500000
0.300000 2.000000 3.000000 0.700000
0.300000 2.000000 2.000000 0.500000
0.300000 2.000000 2.000000 0.700000
